0
1 1.94224 3.09285 0.0300000 1.00000 0.218924
2 1.01191 0.165060 0.0300000 1.00000 2.71821
3 2.08970 1.97877 0.0300000 1.00000 -3.33172
4 0.207345 2.18236 0.0300000 1.00000 2.28349
5 2.12711 2.47377 0.0300000 1.00000 -0.736608
6 0.333826 0.288954 0.0300000 1.00000 2.56902
7 1.71778 0.233598 0.0300000 1.00000 2.12957
8 0.445574 0.697562 0.0300000 1.00000 3.25423
9 1.08505 2.93454 0.0300000 1.00000 1.71973
10 1.45351 1.47013 0.0300000 1.00000 -3.01098
1
1 1.97153 3.09937 0.0300000 1.00000 1.50724
2 0.984559 0.177386 0.0300000 1.00000 2.82088
3 2.06024 1.98444 0.0300000 1.00000 2.14660
4 0.187729 2.20506 0.0300000 1.00000 0.529264
5 2.14933 2.45362 0.0300000 1.00000 2.51248
6 0.308611 0.305208 0.0300000 1.00000 1.56783
7 1.70188 0.259035 0.0300000 1.00000 3.30749
8 0.415764 0.694190 0.0300000 1.00000 3.46566
9 1.08060 2.96421 0.0300000 1.00000 2.37886
10 1.42377 1.46622 0.0300000 1.00000 1.69144
2
1 1.97343 0.0293071 0.0300000 1.00000 0.976078
2 0.956088 0.186843 0.0300000 1.00000 3.86922
3 2.04390 2.00961 0.0300000 1.00000 2.84019
4 0.213625 2.22021 0.0300000 1.00000 1.39100
5 2.12508 2.47127 0.0300000 1.00000 2.51340
6 0.308700 0.335208 0.0300000 1.00000 1.10315
7 1.67229 0.254081 0.0300000 1.00000 2.14561
8 0.387326 0.684638 0.0300000 1.00000 3.02734
9 1.05891 2.98494 0.0300000 1.00000 0.481501
10 1.42016 1.49601 0.0300000 1.00000 0.706966
3
1 1.99024 0.0541563 0.0300000 1.00000 1.28028
2 0.933686 0.166890 0.0300000 1.00000 2.17842
3 2.01526 2.01851 0.0300000 1.00000 1.64515
4 0.218989 2.24972 0.0300000 1.00000 0.00589716
5 2.10081 2.48890 0.0300000 1.00000 1.17589
6 0.322224 0.361987 0.0300000 1.00000 2.75817
7 1.65598 0.279259 0.0300000 1.00000 2.51309
8 0.357521 0.688058 0.0300000 1.00000 1.64361
9 1.08550 2.99883 0.0300000 1.00000 3.06710
10 1.44297 1.51549 0.0300000 1.00000 1.41759
4
1 1.99883 0.0828992 0.0300000 1.00000 1.88679
2 0.916558 0.191520 0.0300000 1.00000 3.36722
3 2.01303 2.04843 0.0300000 1.00000 3.16267
4 0.248989 2.24990 0.0300000 1.00000 2.31537
5 2.11235 2.51659 0.0300000 1.00000 1.35049
6 0.294402 0.373210 0.0300000 1.00000 1.07597
7 1.63171 0.296897 0.0300000 1.00000 3.31883
8 0.355339 0.717978 0.0300000 1.00000 0.943083
9 1.05558 3.00106 0.0300000 1.00000 1.63531
10 1.44755 1.54514 0.0300000 1.00000 1.95764
5
1 1.98951 0.111414 0.0300000 1.00000 3.76036
2 0.887318 0.184809 0.0300000 1.00000 3.56175
3 1.98304 2.04780 0.0300000 1.00000 0.824748
4 0.228659 2.27196 0.0300000 1.00000 3.73568
5 2.11890 2.54587 0.0300000 1.00000 1.42178
6 0.308648 0.399611 0.0300000 1.00000 1.40305
7 1.60218 0.291608 0.0300000 1.00000 3.54790
8 0.372958 0.742259 0.0300000 1.00000 1.39231
9 1.05365 3.03100 0.0300000 1.00000 2.98633
10 1.43623 1.57292 0.0300000 1.00000 1.11721
6
1 1.96507 0.0940130 0.0300000 1.00000 1.04766
2 0.859928 0.172572 0.0300000 1.00000 0.800568
3 2.00340 2.06983 0.0300000 1.00000 3.50276
4 0.203799 2.25517 0.0300000 1.00000 2.34114
5 2.12336 2.57554 0.0300000 1.00000 2.75065
6 0.313657 0.429190 0.0300000 1.00000 2.59961
7 1.57462 0.279752 0.0300000 1.00000 0.645683
8 0.378284 0.771783 0.0300000 1.00000 0.653504
9 1.02401 3.03564 0.0300000 1.00000 0.647838
10 1.44937 1.59989 0.0300000 1.00000 1.56971
7
1 1.98006 0.120001 0.0300000 1.00000 -0.0317358
2 0.880817 0.194104 0.0300000 1.00000 1.30594
3 1.97533 2.05923 0.0300000 1.00000 2.71293
4 0.182908 2.27670 0.0300000 1.00000 3.05475
5 2.09562 2.58697 0.0300000 1.00000 1.30643
6 0.287956 0.444665 0.0300000 1.00000 0.843080
7 1.59859 0.297804 0.0300000 1.00000 0.0626367
8 0.402103 0.790022 0.0300000 1.00000 1.46070
9 1.04793 3.05374 0.0300000 1.00000 2.21858
10 1.44941 1.62989 0.0300000 1.00000 1.64224
8
1 2.01005 0.119049 0.0300000 1.00000 2.05845
2 0.888670 0.223058 0.0300000 1.00000 2.66799
3 1.94805 2.07170 0.0300000 1.00000 1.03145
4 0.153021 2.27930 0.0300000 1.00000 3.38243
5 2.10346 2.61593 0.0300000 1.00000 1.20393
6 0.307911 0.467066 0.0300000 1.00000 0.522639
7 1.62853 0.299682 0.0300000 1.00000 2.54044
8 0.405399 0.819840 0.0300000 1.00000 2.40297
9 1.02983 3.07767 0.0300000 1.00000 1.66007
10 1.44726 1.65981 0.0300000 1.00000 2.96599
9
1 1.99599 0.145552 0.0300000 1.00000 1.39465
2 0.861972 0.236741 0.0300000 1.00000 3.13871
3 1.96345 2.09744 0.0300000 1.00000 1.91190
4 0.123887 2.27215 0.0300000 1.00000 3.32783
5 2.11422 2.64393 0.0300000 1.00000 1.64007
6 0.333906 0.482041 0.0300000 1.00000 2.67837
7 1.60379 0.316650 0.0300000 1.00000 1.95258
8 0.383217 0.840038 0.0300000 1.00000 1.89458
9 1.02715 0.00754787 0.0300000 1.00000 3.13935
10 1.41773 1.66505 0.0300000 1.00000 1.98143
10
1 2.00125 0.175088 0.0300000 1.00000 3.15044
2 0.831972 0.236828 0.0300000 1.00000 1.39001
3 1.95342 2.12571 0.0300000 1.00000 0.779852
4 0.0944056 2.26659 0.0300000 1.00000 1.62328
5 2.11214 2.67386 0.0300000 1.00000 0.752251
6 0.307068 0.495446 0.0300000 1.00000 0.788365
7 1.59261 0.344490 0.0300000 1.00000 1.40739
8 0.373672 0.868479 0.0300000 1.00000 2.87041
9 0.997155 0.00761528 0.0300000 1.00000 1.80803
10 1.40575 1.69256 0.0300000 1.00000 3.07188
11
1 1.97125 0.174822 0.0300000 1.00000 0.657101
2 0.837366 0.266339 0.0300000 1.00000 0.814723
3 1.97475 2.14680 0.0300000 1.00000 1.26459
4 0.0928318 2.29655 0.0300000 1.00000 1.00676
5 2.13405 2.69436 0.0300000 1.00000 1.03802
6 0.328218 0.516722 0.0300000 1.00000 1.46455
7 1.59749 0.374090 0.0300000 1.00000 2.34401
8 0.344769 0.876516 0.0300000 1.00000 2.62101
9 0.990104 0.0367751 0.0300000 1.00000 3.13635
10 1.37582 1.69465 0.0300000 1.00000 0.458784
12
1 1.99500 0.193147 0.0300000 1.00000 1.82267
2 0.857948 0.288165 0.0300000 1.00000 2.28658
3 1.98379 2.17541 0.0300000 1.00000 1.30730
4 0.108870 2.32190 0.0300000 1.00000 2.34356
5 2.14929 2.72020 0.0300000 1.00000 2.13416
6 0.331400 0.546553 0.0300000 1.00000 1.87424
7 1.57654 0.395560 0.0300000 1.00000 0.213742
8 0.318743 0.891437 0.0300000 1.00000 3.11375
9 0.960105 0.0369322 0.0300000 1.00000 1.35963
10 1.40272 1.70794 0.0300000 1.00000 1.22134
13
1 1.98752 0.222200 0.0300000 1.00000 2.93915
2 0.838262 0.310802 0.0300000 1.00000 2.02992
3 1.99161 2.20437 0.0300000 1.00000 2.93535
4 0.0879264 2.34338 0.0300000 1.00000 2.85163
5 2.13326 2.74556 0.0300000 1.00000 2.56522
6 0.322435 0.575182 0.0300000 1.00000 3.10055
7 1.60585 0.401924 0.0300000 1.00000 0.689214
8 0.288754 0.892272 0.0300000 1.00000 3.25137
9 0.966393 0.0662659 0.0300000 1.00000 1.32201
10 1.41299 1.73612 0.0300000 1.00000 0.319946
14
1 1.95814 0.228232 0.0300000 1.00000 0.670200
2 0.824967 0.337695 0.0300000 1.00000 2.16500
3 1.96224 2.21052 0.0300000 1.00000 3.93003
4 0.0591788 2.35196 0.0300000 1.00000 2.34997
5 2.10811 2.76191 0.0300000 1.00000 3.22920
6 0.292460 0.576413 0.0300000 1.00000 1.84275
7 1.62901 0.421001 0.0300000 1.00000 2.50619
8 0.258935 0.888986 0.0300000 1.00000 2.91488
9 0.973779 0.0953423 0.0300000 1.00000 2.97054
10 1.44147 1.74556 0.0300000 1.00000 2.95882
15
1 1.98165 0.246866 0.0300000 1.00000 2.80483
2 0.808171 0.362553 0.0300000 1.00000 2.26576
3 1.94109 2.18924 0.0300000 1.00000 2.68864
4 0.0380979 2.37331 0.0300000 1.00000 3.62875
5 2.07823 2.75929 0.0300000 1.00000 -2.81851
6 0.284402 0.605311 0.0300000 1.00000 2.94434
7 1.60486 0.438807 0.0300000 1.00000 3.81942
8 0.229703 0.895729 0.0300000 1.00000 1.16896
9 0.944217 0.100449 0.0300000 1.00000 1.20762
10 1.41197 1.75101 0.0300000 1.00000 2.62938
16
1 1.95333 0.256780 0.0300000 1.00000 3.20161
2 0.788961 0.385595 0.0300000 1.00000 1.81683
3 1.91412 2.20237 0.0300000 1.00000 2.89257
4 0.0115880 2.35926 0.0300000 1.00000 2.16307
5 2.04978 2.74976 0.0300000 1.00000 4.38397
6 0.254984 0.611190 0.0300000 1.00000 2.85897
7 1.58149 0.419994 0.0300000 1.00000 2.21882
8 0.241436 0.923339 0.0300000 1.00000 0.984304
9 0.954875 0.128492 0.0300000 1.00000 2.03762
10 1.38582 1.76571 0.0300000 1.00000 1.16631
17
1 1.92339 0.254980 0.0300000 1.00000 3.24630
2 0.781654 0.414692 0.0300000 1.00000 2.18067
3 1.88504 2.20976 0.0300000 1.00000 3.90388
4 3.09484 2.38415 0.0300000 1.00000 3.07014
5 2.04010 2.72137 0.0300000 1.00000 1.20182
6 0.226174 0.619556 0.0300000 1.00000 3.11348
7 1.56338 0.443912 0.0300000 1.00000 0.771583
8 0.258039 0.948326 0.0300000 1.00000 1.39815
9 0.941373 0.155282 0.0300000 1.00000 3.33977
10 1.39763 1.79329 0.0300000 1.00000 1.60706
18
1 1.89355 0.251845 0.0300000 1.00000 0.826280
2 0.764471 0.439284 0.0300000 1.00000 3.07889
3 1.86335 2.18904 0.0300000 1.00000 1.98714
4 3.06492 2.38629 0.0300000 1.00000 3.89676
5 2.05092 2.74935 0.0300000 1.00000 1.03951
6 0.196186 0.620399 0.0300000 1.00000 0.746855
7 1.58489 0.464830 0.0300000 1.00000 1.79917
8 0.263193 0.977880 0.0300000 1.00000 1.10410
9 0.911960 0.149376 0.0300000 1.00000 1.87847
10 1.39654 1.82327 0.0300000 1.00000 3.25023
19
1 1.91388 0.273907 0.0300000 1.00000 2.68497
2 0.734530 0.441163 0.0300000 1.00000 0.537558
3 1.85121 2.21648 0.0300000 1.00000 2.87147
4 3.04307 2.36573 0.0300000 1.00000 3.62679
5 2.06612 2.77521 0.0300000 1.00000 1.99540
6 0.218201 0.640779 0.0300000 1.00000 2.34923
7 1.57810 0.494051 0.0300000 1.00000 0.304878
8 0.276691 1.00467 0.0300000 1.00000 0.167548
9 0.902875 0.177967 0.0300000 1.00000 1.75226
10 1.36672 1.82002 0.0300000 1.00000 0.323530
20
1 1.88695 0.287135 0.0300000 1.00000 -0.391571
2 0.760299 0.456525 0.0300000 1.00000 1.70991
3 1.82230 2.22449 0.0300000 1.00000 2.09477
4 3.01654 2.35174 0.0300000 1.00000 2.82028
5 2.05376 2.80255 0.0300000 1.00000 1.37537
6 0.197136 0.662140 0.0300000 1.00000 1.17447
7 1.60671 0.503056 0.0300000 1.00000 2.20701
8 0.306271 1.00967 0.0300000 1.00000 0.796962
9 0.897461 0.207474 0.0300000 1.00000 1.00769
10 1.39516 1.82956 0.0300000 1.00000 0.895598
21
1 1.91468 0.275685 0.0300000 1.00000 0.404356
2 0.756139 0.486235 0.0300000 1.00000 1.14137
3 1.80729 2.25046 0.0300000 1.00000 2.79360
4 2.98807 2.36121 0.0300000 1.00000 1.19970
5 2.05959 2.83198 0.0300000 1.00000 2.48267
6 0.208717 0.689814 0.0300000 1.00000 1.58482
7 1.58889 0.527187 0.0300000 1.00000 1.12017
8 0.327238 1.03113 0.0300000 1.00000 -0.0504753
9 0.913475 0.232842 0.0300000 1.00000 -0.430965
10 1.41391 1.85298 0.0300000 1.00000 0.151047
22
1 1.94226 0.287488 0.0300000 1.00000 1.10027
2 0.768629 0.513511 0.0300000 1.00000 2.10327
3 1.77909 2.26069 0.0300000 1.00000 2.62773
4 2.99895 2.38917 0.0300000 1.00000 2.99104
5 2.03587 2.85034 0.0300000 1.00000 1.30432
6 0.208296 0.719811 0.0300000 1.00000 -0.846879
7 1.60195 0.554192 0.0300000 1.00000 1.37946
8 0.357199 1.02962 0.0300000 1.00000 0.168327
9 0.940732 0.220310 0.0300000 1.00000 -0.485904
10 1.44357 1.85749 0.0300000 1.00000 1.27620
23
1 1.95586 0.314228 0.0300000 1.00000 -0.430076
2 0.753399 0.539358 0.0300000 1.00000 1.15862
3 1.75296 2.27544 0.0300000 1.00000 2.15295
4 2.96929 2.39367 0.0300000 1.00000 0.974321
5 2.04377 2.87928 0.0300000 1.00000 0.698707
6 0.228166 0.697335 0.0300000 1.00000 1.67385
7 1.60766 0.583645 0.0300000 1.00000 1.69201
8 0.386775 1.03464 0.0300000 1.00000 0.195536
9 0.967260 0.206300 0.0300000 1.00000 -0.647556
10 1.45228 1.88620 0.0300000 1.00000 2.51157
24
1 1.98313 0.301720 0.0300000 1.00000 0.414721
2 0.765418 0.566845 0.0300000 1.00000 1.55292
3 1.73647 2.30050 0.0300000 1.00000 0.0127696
4 2.98614 2.41849 0.0300000 1.00000 0.187240
5 2.06674 2.89858 0.0300000 1.00000 0.243394
6 0.225080 0.727175 0.0300000 1.00000 -0.151866
7 1.60403 0.613425 0.0300000 1.00000 0.808437
8 0.416204 1.04047 0.0300000 1.00000 0.580800
9 0.991187 0.188202 0.0300000 1.00000 -0.602829
10 1.42804 1.90387 0.0300000 1.00000 0.323060
25
1 2.01059 0.313808 0.0300000 1.00000 1.67100
2 0.765954 0.596840 0.0300000 1.00000 0.425805
3 1.76647 2.30088 0.0300000 1.00000 -0.685372
4 3.01562 2.42408 0.0300000 1.00000 -1.12705
5 2.09585 2.90581 0.0300000 1.00000 0.483463
6 0.254734 0.722637 0.0300000 1.00000 -0.735967
7 1.62475 0.635121 0.0300000 1.00000 0.429758
8 0.441284 1.05693 0.0300000 1.00000 -1.03619
9 1.01590 0.171193 0.0300000 1.00000 -0.900815
10 1.45649 1.91340 0.0300000 1.00000 0.744490
26
1 2.00759 0.343658 0.0300000 1.00000 -0.907968
2 0.793275 0.609232 0.0300000 1.00000 -1.20098
3 1.78969 2.28189 0.0300000 1.00000 1.10526
4 3.02850 2.39698 0.0300000 1.00000 -0.549082
5 2.12242 2.91976 0.0300000 1.00000 1.42497
6 0.276970 0.702498 0.0300000 1.00000 1.52056
7 1.65202 0.647620 0.0300000 1.00000 -0.618360
8 0.456569 1.03112 0.0300000 1.00000 -1.49318
9 1.03453 0.147678 0.0300000 1.00000 0.203123
10 1.47855 1.93372 0.0300000 1.00000 -0.439905
27
1 2.02605 0.320010 0.0300000 1.00000 -0.112712
2 0.804118 0.581260 0.0300000 1.00000 -1.15210
3 1.80316 2.30870 0.0300000 1.00000 1.11075
4 3.05409 2.38132 0.0300000 1.00000 0.178928
5 2.12678 2.94944 0.0300000 1.00000 -0.141284
6 0.278476 0.732460 0.0300000 1.00000 0.394937
7 1.67647 0.630229 0.0300000 1.00000 -1.98085
8 0.458895 1.00121 0.0300000 1.00000 -1.60571
9 1.06391 0.153730 0.0300000 1.00000 -1.40544
10 1.50569 1.92095 0.0300000 1.00000 0.959713
28
1 2.05586 0.316636 0.0300000 1.00000 0.0426553
2 0.816316 0.553852 0.0300000 1.00000 -1.48576
3 1.81648 2.33558 0.0300000 1.00000 1.99696
4 3.08361 2.38666 0.0300000 1.00000 -0.594125
5 2.15648 2.94521 0.0300000 1.00000 0.0141395
6 0.306167 0.744003 0.0300000 1.00000 -2.02946
7 1.66451 0.602716 0.0300000 1.00000 -1.67738
8 0.457848 0.971228 0.0300000 1.00000 0.360649
9 1.06885 0.124139 0.0300000 1.00000 -0.290592
10 1.52291 1.94552 0.0300000 1.00000 -1.63219
29
1 2.08583 0.317915 0.0300000 1.00000 -0.826815
2 0.818864 0.523960 0.0300000 1.00000 0.130404
3 1.80408 2.36290 0.0300000 1.00000 0.685042
4 0.00846659 2.36987 0.0300000 1.00000 -0.199566
5 2.18647 2.94564 0.0300000 1.00000 -0.0575784
6 0.292884 0.717103 0.0300000 1.00000 -1.84676
7 1.66132 0.572887 0.0300000 1.00000 -1.69840
8 0.485918 0.981814 0.0300000 1.00000 -0.108115
9 1.09759 0.115544 0.0300000 1.00000 -1.87412
10 1.52107 1.91558 0.0300000 1.00000 -2.14569
30
1 2.10615 0.295842 0.0300000 1.00000 -1.98266
2 0.848609 0.527861 0.0300000 1.00000 -0.176399
3 1.82731 2.38188 0.0300000 1.00000 -1.65172
4 0.0378712 2.36392 0.0300000 1.00000 -1.53241
5 2.21642 2.94391 0.0300000 1.00000 -1.18205
6 0.284710 0.688238 0.0300000 1.00000 -1.40814
7 1.65750 0.543131 0.0300000 1.00000 -2.35180
8 0.515743 0.978577 0.0300000 1.00000 -0.611726
9 1.08863 0.0869132 0.0300000 1.00000 -2.74176
10 1.50475 1.89040 0.0300000 1.00000 -1.63802
31
1 2.09414 0.268350 0.0300000 1.00000 -2.10861
2 0.878143 0.522596 0.0300000 1.00000 -1.70911
3 1.82488 2.35198 0.0300000 1.00000 -1.98765
4 0.0390226 2.33395 0.0300000 1.00000 -0.734905
5 2.22779 2.91615 0.0300000 1.00000 -2.59043
6 0.289568 0.658634 0.0300000 1.00000 -0.731388
7 1.63638 0.521824 0.0300000 1.00000 -3.16645
8 0.540303 0.961349 0.0300000 1.00000 -2.42959
9 1.06100 0.0752354 0.0300000 1.00000 -0.463590
10 1.50274 1.86047 0.0300000 1.00000 -1.49457
32
1 2.07877 0.242585 0.0300000 1.00000 -3.34409
2 0.874007 0.492883 0.0300000 1.00000 -0.185787
3 1.81274 2.32455 0.0300000 1.00000 -1.11464
4 0.0612795 2.31383 0.0300000 1.00000 -0.375640
5 2.20224 2.90044 0.0300000 1.00000 -3.54278
6 0.311896 0.638597 0.0300000 1.00000 -0.0974038
7 1.60639 0.522570 0.0300000 1.00000 -2.47591
8 0.517591 0.941748 0.0300000 1.00000 -0.842581
9 1.08783 0.0618205 0.0300000 1.00000 -2.83209
10 1.50502 1.83055 0.0300000 1.00000 -0.219937
33
1 2.04938 0.248619 0.0300000 1.00000 -1.17179
2 0.903491 0.487341 0.0300000 1.00000 0.363346
3 1.82595 2.29761 0.0300000 1.00000 0.365088
4 0.0891877 2.30282 0.0300000 1.00000 -0.542262
5 2.17462 2.91216 0.0300000 1.00000 -1.03497
6 0.341754 0.635680 0.0300000 1.00000 -1.11708
7 1.58279 0.504042 0.0300000 1.00000 -0.491111
8 0.537557 0.919357 0.0300000 1.00000 -2.07544
9 1.05926 0.0526830 0.0300000 1.00000 -0.347359
10 1.53430 1.82401 0.0300000 1.00000 -0.114047
34
1 2.06104 0.220975 0.0300000 1.00000 -1.76110
2 0.931532 0.498003 0.0300000 1.00000 -1.19522
3 1.85398 2.30832 0.0300000 1.00000 0.862362
4 0.114884 2.28734 0.0300000 1.00000 -1.10337
5 2.18994 2.88636 0.0300000 1.00000 -0.0991893
6 0.354903 0.608715 0.0300000 1.00000 -1.00308
7 1.60925 0.489894 0.0300000 1.00000 -2.20829
8 0.523052 0.893097 0.0300000 1.00000 -1.47694
9 1.08746 0.0424705 0.0300000 1.00000 -1.17919
10 1.56411 1.82059 0.0300000 1.00000 -2.14576
35
1 2.05536 0.191517 0.0300000 1.00000 -0.0459339
2 0.942537 0.470095 0.0300000 1.00000 -0.586195
3 1.87350 2.33111 0.0300000 1.00000 0.688543
4 0.128402 2.26056 0.0300000 1.00000 -0.524392
5 2.21979 2.88339 0.0300000 1.00000 0.288529
6 0.371034 0.583421 0.0300000 1.00000 -2.28375
7 1.59139 0.465786 0.0300000 1.00000 -2.44367
8 0.525864 0.863229 0.0300000 1.00000 -3.09964
9 1.09891 0.0147416 0.0300000 1.00000 -1.66022
10 1.54779 1.79542 0.0300000 1.00000 -2.25997
36
1 2.08533 0.190140 0.0300000 1.00000 -1.26613
2 0.967528 0.453499 0.0300000 1.00000 -1.51857
3 1.89666 2.35017 0.0300000 1.00000 0.693938
4 0.154370 2.24554 0.0300000 1.00000 0.907830
5 2.24855 2.89193 0.0300000 1.00000 -0.985390
6 0.351412 0.560728 0.0300000 1.00000 -1.10711
7 1.56841 0.446507 0.0300000 1.00000 -1.14674
8 0.495891 0.861971 0.0300000 1.00000 -1.52386
9 1.09624 3.08486 0.0300000 1.00000 -0.361556
10 1.52871 1.77226 0.0300000 1.00000 -2.64626
37
1 2.09433 0.161521 0.0300000 1.00000 -1.81270
2 0.969094 0.423540 0.0300000 1.00000 -2.31214
3 1.91972 2.36935 0.0300000 1.00000 -1.19402
4 0.172834 2.26918 0.0300000 1.00000 -0.859609
5 2.26512 2.86692 0.0300000 1.00000 -0.795250
6 0.364829 0.533896 0.0300000 1.00000 -2.74425
7 1.58075 0.419165 0.0300000 1.00000 -1.60524
8 0.497298 0.832004 0.0300000 1.00000 -1.86696
9 1.12430 3.07425 0.0300000 1.00000 0.289956
10 1.50232 1.75801 0.0300000 1.00000 -1.60735
38
1 2.08714 0.132395 0.0300000 1.00000 -1.00447
2 0.948836 0.401413 0.0300000 1.00000 -2.31654
3 1.93076 2.34146 0.0300000 1.00000 -0.434361
4 0.192416 2.24646 0.0300000 1.00000 -2.43960
5 2.28613 2.84550 0.0300000 1.00000 0.0675732
6 0.337167 0.522287 0.0300000 1.00000 -2.59279
7 1.57972 0.389182 0.0300000 1.00000 -0.535196
8 0.488542 0.803310 0.0300000 1.00000 -1.29967
9 1.15304 3.08283 0.0300000 1.00000 -0.932017
10 1.50122 1.72803 0.0300000 1.00000 -2.79186
39
1 2.10324 0.107078 0.0300000 1.00000 -1.70894
2 0.928481 0.379375 0.0300000 1.00000 -3.38359
3 1.95797 2.32883 0.0300000 1.00000 -2.46308
4 0.169510 2.22708 0.0300000 1.00000 -1.26326
5 2.31606 2.84753 0.0300000 1.00000 -0.485560
6 0.311572 0.506637 0.0300000 1.00000 -3.04707
7 1.60552 0.373882 0.0300000 1.00000 -3.09896
8 0.496577 0.774406 0.0300000 1.00000 -2.99207
9 1.17093 3.05874 0.0300000 1.00000 -2.65625
10 1.47304 1.71775 0.0300000 1.00000 -2.37963
40
1 2.09911 0.0773640 0.0300000 1.00000 -0.903310
2 0.899355 0.386565 0.0300000 1.00000 -4.50429
3 1.93462 2.31001 0.0300000 1.00000 -0.377846
4 0.178591 2.19849 0.0300000 1.00000 -0.794712
5 2.34259 2.83352 0.0300000 1.00000 -1.07828
6 0.281706 0.503805 0.0300000 1.00000 -3.39245
7 1.57555 0.372604 0.0300000 1.00000 -2.22287
8 0.466912 0.769937 0.0300000 1.00000 -3.83117
9 1.14439 3.04475 0.0300000 1.00000 -0.986175
10 1.45134 1.69704 0.0300000 1.00000 -2.45062
41
1 2.11768 0.0538026 0.0300000 1.00000 -1.11960
2 0.893157 0.415917 0.0300000 1.00000 1.75201
3 1.96250 2.29894 0.0300000 1.00000 0.262807
4 0.199606 2.17708 0.0300000 1.00000 -0.971567
5 2.35678 2.80709 0.0300000 1.00000 -2.71108
6 0.252645 0.511252 0.0300000 1.00000 2.38208
7 1.55734 0.348759 0.0300000 1.00000 -3.65650
8 0.443766 0.789023 0.0300000 1.00000 2.14677
9 1.16095 3.01973 0.0300000 1.00000 -1.01363
10 1.42822 1.67792 0.0300000 1.00000 -1.12046
42
1 2.13076 0.0268047 0.0300000 1.00000 -2.17231
2 0.887750 0.445426 0.0300000 1.00000 2.94664
3 1.99147 2.30673 0.0300000 1.00000 0.503934
4 0.216526 2.15231 0.0300000 1.00000 0.480395
5 2.32951 2.79457 0.0300000 1.00000 -1.13483
6 0.230890 0.531909 0.0300000 1.00000 1.55057
7 1.53123 0.363532 0.0300000 1.00000 3.39056
8 0.427427 0.814183 0.0300000 1.00000 1.35708
9 1.17681 2.99427 0.0300000 1.00000 -0.662742
10 1.44127 1.65091 0.0300000 1.00000 -3.48126
43
1 2.11378 0.00207040 0.0300000 1.00000 -3.71971
2 0.858318 0.451238 0.0300000 1.00000 3.14446
3 2.01774 2.32122 0.0300000 1.00000 0.0993600
4 0.243130 2.16617 0.0300000 1.00000 0.492651
5 2.34218 2.76738 0.0300000 1.00000 -1.53057
6 0.231497 0.561903 0.0300000 1.00000 1.58265
7 1.50216 0.356140 0.0300000 1.00000 3.53027
8 0.433789 0.843501 0.0300000 1.00000 1.33932
9 1.20046 2.97581 0.0300000 1.00000 -0.657453
10 1.41299 1.66090 0.0300000 1.00000 2.88293
44
1 2.08866 0.0184639 0.0300000 1.00000 2.74221
2 0.828318 0.451152 0.0300000 1.00000 3.93588
3 2.04760 2.32419 0.0300000 1.00000 -1.45415
4 0.269563 2.18036 0.0300000 1.00000 -0.385765
5 2.34339 2.73740 0.0300000 1.00000 -0.398635
6 0.231141 0.591901 0.0300000 1.00000 4.00851
7 1.47440 0.344771 0.0300000 1.00000 1.60299
8 0.440672 0.872701 0.0300000 1.00000 2.57539
9 1.22421 2.95747 0.0300000 1.00000 -0.113374
10 1.38399 1.66858 0.0300000 1.00000 1.53811
45
1 2.06102 0.0301293 0.0300000 1.00000 2.66832
2 0.807295 0.429751 0.0300000 1.00000 3.35886
3 2.05109 2.29440 0.0300000 1.00000 -1.83391
4 0.297358 2.16907 0.0300000 1.00000 1.12615
5 2.37104 2.72576 0.0300000 1.00000 0.927006
6 0.211726 0.569031 0.0300000 1.00000 1.77048
7 1.47343 0.374756 0.0300000 1.00000 1.62161
8 0.415353 0.888794 0.0300000 1.00000 3.68374
9 1.25402 2.95408 0.0300000 1.00000 -0.966600
10 1.38497 1.69856 0.0300000 1.00000 -2.42750
46
1 2.03432 0.0438033 0.0300000 1.00000 1.71827
2 0.778000 0.423284 0.0300000 1.00000 1.65790
3 2.04328 2.26543 0.0300000 1.00000 -1.90018
4 0.310262 2.19616 0.0300000 1.00000 -2.34247
5 2.38904 2.74975 0.0300000 1.00000 -0.947952
6 0.205775 0.598435 0.0300000 1.00000 4.00559
7 1.47191 0.404717 0.0300000 1.00000 3.45766
8 0.389655 0.873314 0.0300000 1.00000 3.73402
9 1.27106 2.92939 0.0300000 1.00000 -2.20106
10 1.36230 1.67891 0.0300000 1.00000 3.64170
47
1 2.02991 0.0734777 0.0300000 1.00000 -2.54160
2 0.775390 0.453170 0.0300000 1.00000 -4.09603
3 2.03358 2.23704 0.0300000 1.00000 -2.99587
4 0.289342 2.17465 0.0300000 1.00000 -1.31566
5 2.40654 2.72538 0.0300000 1.00000 -2.23849
6 0.186293 0.575621 0.0300000 1.00000 -2.96338
7 1.44339 0.395392 0.0300000 1.00000 -3.62994
8 0.364768 0.856563 0.0300000 1.00000 -3.87889
9 1.25338 2.90516 0.0300000 1.00000 -2.61816
10 1.33597 1.66453 0.0300000 1.00000 -3.96563
48
1 2.00515 0.0565386 0.0300000 1.00000 1.52710
2 0.758048 0.477650 0.0300000 1.00000 3.63260
3 2.00390 2.23269 0.0300000 1.00000 -4.12599
4 0.296913 2.14563 0.0300000 1.00000 -2.97728
5 2.38797 2.70183 0.0300000 1.00000 -3.87370
6 0.156768 0.570303 0.0300000 1.00000 1.89763
7 1.41690 0.409468 0.0300000 1.00000 4.06870
8 0.342559 0.876732 0.0300000 1.00000 3.56658
9 1.22740 2.89016 0.0300000 1.00000 -4.02712
10 1.31559 1.68654 0.0300000 1.00000 -2.88417
49
1 2.00646 0.0865099 0.0300000 1.00000 3.63070
2 0.731592 0.463504 0.0300000 1.00000 2.38516
3 1.98730 2.25767 0.0300000 1.00000 3.29616
4 0.267317 2.14072 0.0300000 1.00000 3.96302
5 2.36566 2.72188 0.0300000 1.00000 2.65970
6 0.147137 0.598715 0.0300000 1.00000 4.16521
7 1.39890 0.385471 0.0300000 1.00000 2.83414
8 0.315228 0.864362 0.0300000 1.00000 2.56073
9 1.20841 2.91339 0.0300000 1.00000 1.42279
10 1.28658 1.67891 0.0300000 1.00000 4.05476
50
1 1.97998 0.0724148 0.0300000 1.00000 -1.95353
2 0.709774 0.484094 0.0300000 1.00000 -3.47076
3 1.95766 2.25306 0.0300000 1.00000 -4.45574
4 0.246882 2.11875 0.0300000 1.00000 -3.07603
5 2.33907 2.73578 0.0300000 1.00000 1.49676
6 0.131528 0.573095 0.0300000 1.00000 -2.73794
7 1.37030 0.394550 0.0300000 1.00000 -2.80656
8 0.290148 0.880825 0.0300000 1.00000 -2.71387
9 1.21283 2.94306 0.0300000 1.00000 -2.02034
10 1.26824 1.65516 0.0300000 1.00000 -2.83109
51
1 1.96877 0.0445854 0.0300000 1.00000 -2.02732
2 0.681384 0.493792 0.0300000 1.00000 -4.32645
3 1.95004 2.28207 0.0300000 1.00000 2.31141
4 0.216947 2.11679 0.0300000 1.00000 -1.67853
5 2.34129 2.76570 0.0300000 1.00000 2.71677
6 0.103939 0.561312 0.0300000 1.00000 -4.31849
7 1.34197 0.384686 0.0300000 1.00000 -2.39267
8 0.262851 0.868381 0.0300000 1.00000 -2.78829
9 1.19980 2.91604 0.0300000 1.00000 3.05205
10 1.23968 1.64600 0.0300000 1.00000 -4.39609
52
1 1.95555 0.0176577 0.0300000 1.00000 2.61759
2 0.670091 0.521585 0.0300000 1.00000 4.27511
3 1.92980 2.30421 0.0300000 1.00000 3.72946
4 0.213721 2.08696 0.0300000 1.00000 1.89871
5 2.31396 2.77807 0.0300000 1.00000 3.06685
6 0.0924254 0.589015 0.0300000 1.00000 3.76048
7 1.32000 0.364260 0.0300000 1.00000 3.10242
8 0.234703 0.858001 0.0300000 1.00000 2.16841
9 1.16992 2.91872 0.0300000 1.00000 3.21731
10 1.23035 1.67451 0.0300000 1.00000 3.74549
53
1 1.92957 0.0326682 0.0300000 1.00000 -3.63569
2 0.657387 0.494408 0.0300000 1.00000 -1.65840
3 1.90483 2.28758 0.0300000 1.00000 -3.93810
4 0.204059 2.11536 0.0300000 1.00000 -3.42025
5 2.28404 2.78031 0.0300000 1.00000 -2.67258
6 0.0679896 0.571611 0.0300000 1.00000 -2.65695
7 1.29002 0.365435 0.0300000 1.00000 -3.71757
8 0.217823 0.882801 0.0300000 1.00000 -4.39806
9 1.14000 2.91645 0.0300000 1.00000 -3.08514
10 1.20565 1.65747 0.0300000 1.00000 -3.16290
54
1 1.90316 0.0468952 0.0300000 1.00000 4.48076
2 0.654763 0.464523 0.0300000 1.00000 4.17128
3 1.88386 2.30902 0.0300000 1.00000 3.55544
4 0.175216 2.12362 0.0300000 1.00000 3.61137
5 2.25728 2.76675 0.0300000 1.00000 4.40521
6 0.0414445 0.557634 0.0300000 1.00000 2.55041
7 1.26486 0.381775 0.0300000 1.00000 4.53166
8 0.208548 0.911331 0.0300000 1.00000 2.58060
9 1.11005 2.91476 0.0300000 1.00000 1.89994
10 1.17566 1.65811 0.0300000 1.00000 2.46554
55
1 1.89627 0.0176963 0.0300000 1.00000 -4.26162
2 0.639310 0.438809 0.0300000 1.00000 -4.19904
3 1.85639 2.29696 0.0300000 1.00000 -2.27873
4 0.148466 2.11004 0.0300000 1.00000 1.48540
5 2.24821 2.73815 0.0300000 1.00000 3.55580
6 0.0165360 0.574354 0.0300000 1.00000 -2.97677
7 1.25947 0.352263 0.0300000 1.00000 -2.32355
8 0.183146 0.927292 0.0300000 1.00000 -1.52714
9 1.10035 2.94315 0.0300000 1.00000 -3.41794
10 1.15226 1.67688 0.0300000 1.00000 -3.38278
56
1 1.88320 0.0446997 0.0300000 1.00000 3.94167
2 0.624577 0.464942 0.0300000 1.00000 2.61704
3 1.83688 2.27417 0.0300000 1.00000 1.57628
4 0.151024 2.13993 0.0300000 1.00000 1.29760
5 2.22075 2.72608 0.0300000 1.00000 -3.34338
6 3.08694 0.569432 0.0300000 1.00000 3.80595
7 1.23896 0.330369 0.0300000 1.00000 1.59422
8 0.184456 0.897321 0.0300000 1.00000 1.97066
9 1.07149 2.95134 0.0300000 1.00000 1.81739
10 1.12313 1.68405 0.0300000 1.00000 2.39078
57
1 1.86231 0.0231773 0.0300000 1.00000 1.78723
2 0.598611 0.479967 0.0300000 1.00000 1.93269
3 1.83672 2.30417 0.0300000 1.00000 3.02697
4 0.159119 2.16881 0.0300000 1.00000 2.79062
5 2.19136 2.73209 0.0300000 1.00000 3.66742
6 3.06332 0.550935 0.0300000 1.00000 2.71083
7 1.23826 0.360361 0.0300000 1.00000 1.76866
8 0.172777 0.924954 0.0300000 1.00000 1.82220
9 1.06417 2.98043 0.0300000 1.00000 0.771237
10 1.10119 1.70452 0.0300000 1.00000 2.52416
58
1 1.85586 0.0524774 0.0300000 1.00000 0.768849
2 0.587989 0.508024 0.0300000 1.00000 2.34998
3 1.80691 2.30760 0.0300000 1.00000 1.56035
4 0.130948 2.17913 0.0300000 1.00000 1.70325
5 2.16541 2.71703 0.0300000 1.00000 4.26789
6 3.03606 0.563462 0.0300000 1.00000 1.50674
7 1.23236 0.389776 0.0300000 1.00000 1.14209
8 0.165314 0.954011 0.0300000 1.00000 3.00636
9 1.08568 3.00134 0.0300000 1.00000 2.54640
10 1.07673 1.72188 0.0300000 1.00000 3.31490
59
1 1.87742 0.0733367 0.0300000 1.00000 1.53631
2 0.566908 0.529368 0.0300000 1.00000 3.26922
3 1.80723 2.33760 0.0300000 1.00000 3.01289
4 0.126986 2.20887 0.0300000 1.00000 2.52629
5 2.15251 2.68995 0.0300000 1.00000 3.73683
6 3.03798 0.593401 0.0300000 1.00000 -0.0623240
7 1.24483 0.417061 0.0300000 1.00000 0.967786
8 0.135588 0.958056 0.0300000 1.00000 2.88349
9 1.06084 3.01816 0.0300000 1.00000 1.94450
10 1.04718 1.71671 0.0300000 1.00000 1.68274
60
1 1.87846 0.103319 0.0300000 1.00000 1.97242
2 0.537152 0.525550 0.0300000 1.00000 3.53792
3 1.77748 2.34145 0.0300000 1.00000 2.53835
4 0.102488 2.22618 0.0300000 1.00000 3.11118
5 2.12767 2.67312 0.0300000 1.00000 2.70066
6 3.06793 0.591532 0.0300000 1.00000 1.38423
7 1.26184 0.441770 0.0300000 1.00000 0.806038
8 0.106582 0.965713 0.0300000 1.00000 0.563958
9 1.04989 3.04609 0.0300000 1.00000 3.20042
10 1.04383 1.74652 0.0300000 1.00000 1.83030
61
1 1.86673 0.130932 0.0300000 1.00000 2.75093
2 0.509478 0.513969 0.0300000 1.00000 1.15898
3 1.75277 2.35847 0.0300000 1.00000 3.38075
4 0.0725014 2.22709 0.0300000 1.00000 2.13071
5 2.10054 2.68593 0.0300000 1.00000 3.75453
6 3.07349 0.621012 0.0300000 1.00000 2.64558
7 1.28261 0.463416 0.0300000 1.00000 3.03723
8 0.131936 0.981749 0.0300000 1.00000 1.03899
9 1.01994 3.04432 0.0300000 1.00000 3.43022
10 1.03613 1.77552 0.0300000 1.00000 3.05980
62
1 1.83899 0.142356 0.0300000 1.00000 2.18233
2 0.521486 0.541460 0.0300000 1.00000 2.77018
3 1.72363 2.35136 0.0300000 1.00000 -2.25358
4 0.0565681 2.25251 0.0300000 1.00000 3.02525
5 2.07600 2.66867 0.0300000 1.00000 -1.66343
6 3.04711 0.635289 0.0300000 1.00000 3.08395
7 1.25278 0.466541 0.0300000 1.00000 2.96137
8 0.147149 1.00761 0.0300000 1.00000 3.09919
9 0.991180 3.03579 0.0300000 1.00000 2.94513
10 1.00623 1.77797 0.0300000 1.00000 3.34708
63
1 1.82177 0.166919 0.0300000 1.00000 3.62011
2 0.493532 0.552348 0.0300000 1.00000 2.78776
3 1.70470 2.32809 0.0300000 1.00000 -2.72069
4 0.0267710 2.25599 0.0300000 1.00000 -4.15048
5 2.07322 2.63880 0.0300000 1.00000 -1.01025
6 3.01716 0.637018 0.0300000 1.00000 2.00957
7 1.22326 0.471919 0.0300000 1.00000 2.06790
8 0.117176 1.00888 0.0300000 1.00000 2.61807
9 0.961757 3.04164 0.0300000 1.00000 -1.72243
10 0.976863 1.77185 0.0300000 1.00000 3.24725
64
1 1.79514 0.153105 0.0300000 1.00000 1.21544
2 0.465390 0.562743 0.0300000 1.00000 2.01144
3 1.67732 2.31583 0.0300000 1.00000 -2.99171
4 0.0107868 2.28138 0.0300000 1.00000 -4.35917
5 2.08917 2.61339 0.0300000 1.00000 -3.15561
6 3.00441 0.664176 0.0300000 1.00000 2.42568
7 1.20896 0.498288 0.0300000 1.00000 3.73472
8 0.0911937 1.02388 0.0300000 1.00000 2.17157
9 0.957226 3.01199 0.0300000 1.00000 -4.08179
10 0.947030 1.76869 0.0300000 1.00000 2.59204
65
1 1.80558 0.181230 0.0300000 1.00000 2.10150
2 0.452594 0.589878 0.0300000 1.00000 1.84059
3 1.64765 2.31135 0.0300000 1.00000 1.99792
4 0.000409159 2.30953 0.0300000 1.00000 2.41573
5 2.05918 2.61381 0.0300000 1.00000 -2.12974
6 2.98178 0.683865 0.0300000 1.00000 2.27347
7 1.18408 0.481519 0.0300000 1.00000 2.05190
8 0.0742353 1.04862 0.0300000 1.00000 2.19945
9 0.939537 3.03622 0.0300000 1.00000 1.43266
10 0.921448 1.78435 0.0300000 1.00000 2.41905
66
1 1.79039 0.207104 0.0300000 1.00000 2.16054
2 0.444598 0.618792 0.0300000 1.00000 2.10689
3 1.63522 2.33865 0.0300000 1.00000 3.44325
4 3.07797 2.32944 0.0300000 1.00000 2.51231
5 2.04327 2.58838 0.0300000 1.00000 3.42975
6 2.96239 0.706759 0.0300000 1.00000 2.75998
7 1.17020 0.508114 0.0300000 1.00000 1.94748
8 0.0565936 1.07289 0.0300000 1.00000 0.979829
9 0.943668 3.06593 0.0300000 1.00000 1.50295
10 0.898944 1.80419 0.0300000 1.00000 2.48890
67
1 1.77371 0.232036 0.0300000 1.00000 0.913418
2 0.429275 0.644584 0.0300000 1.00000 1.68241
3 1.60658 2.32974 0.0300000 1.00000 0.909778
4 3.05372 2.34710 0.0300000 1.00000 4.70608
5 2.01450 2.57985 0.0300000 1.00000 2.50340
6 2.93455 0.717931 0.0300000 1.00000 2.22432
7 1.15916 0.536011 0.0300000 1.00000 0.573970
8 0.0733085 1.09780 0.0300000 1.00000 2.32543
9 0.945701 3.09586 0.0300000 1.00000 1.81437
10 0.875110 1.82241 0.0300000 1.00000 3.54386
68
1 1.79204 0.255784 0.0300000 1.00000 1.36916
2 0.425934 0.674397 0.0300000 1.00000 1.59054
3 1.62500 2.35342 0.0300000 1.00000 1.07342
4 3.05353 2.31710 0.0300000 1.00000 2.95072
5 1.99041 2.59772 0.0300000 1.00000 3.09093
6 2.91631 0.741750 0.0300000 1.00000 2.45996
7 1.18436 0.552300 0.0300000 1.00000 2.27822
8 0.0527578 1.11966 0.0300000 1.00000 1.62099
9 0.938466 0.0249758 0.0300000 1.00000 1.02066
10 0.847505 1.81067 0.0300000 1.00000 1.21750
69
1 1.79805 0.285177 0.0300000 1.00000 0.736961
2 0.425341 0.704391 0.0300000 1.00000 2.06271
3 1.63931 2.37979 0.0300000 1.00000 1.97615
4 3.02407 2.32279 0.0300000 1.00000 2.62631
5 1.96045 2.59924 0.0300000 1.00000 1.89680
6 2.89301 0.760651 0.0300000 1.00000 0.752061
7 1.16486 0.575101 0.0300000 1.00000 1.15100
8 0.0512527 1.14962 0.0300000 1.00000 2.64194
9 0.954150 0.0505495 0.0300000 1.00000 2.82252
10 0.857885 1.83882 0.0300000 1.00000 1.13792
70
1 1.82026 0.305338 0.0300000 1.00000 1.99809
2 0.411172 0.730834 0.0300000 1.00000 2.60062
3 1.62748 2.40736 0.0300000 1.00000 1.50218
4 2.99797 2.33758 0.0300000 1.00000 0.804088
5 1.95084 2.62766 0.0300000 1.00000 0.955475
6 2.91492 0.781146 0.0300000 1.00000 0.728185
7 1.17709 0.602496 0.0300000 1.00000 2.03029
8 0.0249202 1.16399 0.0300000 1.00000 2.05609
9 0.925664 0.0599600 0.0300000 1.00000 1.41161
10 0.870469 1.86605 0.0300000 1.00000 2.98537
71
1 1.80783 0.332640 0.0300000 1.00000 0.747821
2 0.385456 0.746283 0.0300000 1.00000 1.08545
3 1.62954 2.43729 0.0300000 1.00000 1.09566
4 3.01878 2.35918 0.0300000 1.00000 0.786960
5 1.96816 2.65216 0.0300000 1.00000 0.206465
6 2.93731 0.801111 0.0300000 1.00000 0.0761878
7 1.16378 0.629384 0.0300000 1.00000 1.99536
8 0.0109262 1.19053 0.0300000 1.00000 3.35823
9 0.930420 0.0895807 0.0300000 1.00000 3.66848
10 0.840835 1.87072 0.0300000 1.00000 1.25198
72
1 1.82982 0.353042 0.0300000 1.00000 2.84599
2 0.399451 0.772819 0.0300000 1.00000 0.624960
3 1.64326 2.46396 0.0300000 1.00000 0.714697
4 3.03996 2.38043 0.0300000 1.00000 1.43403
5 1.99752 2.65831 0.0300000 1.00000 1.60020
6 2.96722 0.803395 0.0300000 1.00000 2.18615
7 1.15142 0.656721 0.0300000 1.00000 2.49270
8 3.08163 1.18408 0.0300000 1.00000 1.11903
9 0.904489 0.0744954 0.0300000 1.00000 0.844349
10 0.850238 1.89920 0.0300000 1.00000 0.136864
73
1 1.80113 0.361781 0.0300000 1.00000 1.86781
2 0.423781 0.790371 0.0300000 1.00000 -0.145317
3 1.66592 2.48362 0.0300000 1.00000 2.21620
4 3.04405 2.41015 0.0300000 1.00000 0.806030
5 1.99664 2.68830 0.0300000 1.00000 0.418776
6 2.94991 0.827892 0.0300000 1.00000 0.873073
7 1.12752 0.674850 0.0300000 1.00000 0.259783
8 3.09472 1.21107 0.0300000 1.00000 2.45352
9 0.924415 0.0969216 0.0300000 1.00000 1.67619
10 0.879957 1.90330 0.0300000 1.00000 2.04926
74
1 1.79235 0.390468 0.0300000 1.00000 2.11639
2 0.453465 0.786026 0.0300000 1.00000 1.67490
3 1.64787 2.50759 0.0300000 1.00000 0.910543
4 3.06482 2.43179 0.0300000 1.00000 1.74003
5 2.02405 2.70050 0.0300000 1.00000 2.82195
6 2.96918 0.850881 0.0300000 1.00000 1.24434
7 1.15651 0.682556 0.0300000 1.00000 2.11313
8 3.07155 1.23012 0.0300000 1.00000 1.57636
9 0.921259 0.126755 0.0300000 1.00000 -0.238915
10 0.866145 1.92993 0.0300000 1.00000 0.133595
75
1 1.77678 0.416112 0.0300000 1.00000 1.62380
2 0.450347 0.815864 0.0300000 1.00000 -0.139714
3 1.66627 2.53129 0.0300000 1.00000 0.0700869
4 3.05977 2.46137 0.0300000 1.00000 2.81590
5 1.99556 2.70992 0.0300000 1.00000 2.62664
6 2.97880 0.879296 0.0300000 1.00000 1.80401
7 1.14103 0.708251 0.0300000 1.00000 0.680762
8 3.07138 1.26012 0.0300000 1.00000 2.69040
9 0.950407 0.119656 0.0300000 1.00000 -0.141434
10 0.895878 1.93392 0.0300000 1.00000 2.16856
76
1 1.77519 0.446070 0.0300000 1.00000 0.345035
2 0.480055 0.811686 0.0300000 1.00000 -0.459763
3 1.69620 2.53339 0.0300000 1.00000 3.17978
4 3.03135 2.47096 0.0300000 1.00000 3.56192
5 1.96946 2.72470 0.0300000 1.00000 3.50941
6 2.97187 0.908484 0.0300000 1.00000 1.20632
7 1.16434 0.727133 0.0300000 1.00000 1.67170
8 3.04439 1.27320 0.0300000 1.00000 0.961772
9 0.980107 0.115427 0.0300000 1.00000 1.70266
10 0.878994 1.95872 0.0300000 1.00000 -0.148780
77
1 1.80342 0.456217 0.0300000 1.00000 1.51893
2 0.506939 0.798374 0.0300000 1.00000 1.70710
3 1.66622 2.53224 0.0300000 1.00000 -1.54878
4 3.00396 2.45872 0.0300000 1.00000 3.92981
5 1.94146 2.71391 0.0300000 1.00000 -3.73764
6 2.98256 0.936514 0.0300000 1.00000 1.10213
7 1.16132 0.756980 0.0300000 1.00000 1.20330
8 3.06155 1.29781 0.0300000 1.00000 2.74951
9 0.976163 0.145166 0.0300000 1.00000 1.80229
10 0.908662 1.95428 0.0300000 1.00000 2.59699
78
1 1.80498 0.486177 0.0300000 1.00000 2.63707
2 0.502863 0.828096 0.0300000 1.00000 2.91766
3 1.66688 2.50225 0.0300000 1.00000 -3.43079
4 2.98281 2.43745 0.0300000 1.00000 -3.62289
5 1.91663 2.73075 0.0300000 1.00000 -3.03583
6 2.99611 0.963279 0.0300000 1.00000 0.802405
7 1.17210 0.784977 0.0300000 1.00000 2.70677
8 3.03382 1.30927 0.0300000 1.00000 2.60491
9 0.969280 0.174366 0.0300000 1.00000 0.679164
10 0.883002 1.96982 0.0300000 1.00000 0.829043
79
1 1.77871 0.500678 0.0300000 1.00000 0.474020
2 0.473612 0.834758 0.0300000 1.00000 0.992714
3 1.63813 2.51080 0.0300000 1.00000 1.39460
4 2.95621 2.45134 0.0300000 1.00000 2.15004
5 1.88680 2.72758 0.0300000 1.00000 2.03033
6 3.01696 0.984850 0.0300000 1.00000 3.04221
7 1.14489 0.797615 0.0300000 1.00000 0.547263
8 3.00804 1.32461 0.0300000 1.00000 1.54090
9 0.992623 0.193210 0.0300000 1.00000 0.551526
10 0.903270 1.99194 0.0300000 1.00000 3.67341
80
1 1.80541 0.514372 0.0300000 1.00000 0.259426
2 0.490004 0.859883 0.0300000 1.00000 0.869904
3 1.64339 2.54034 0.0300000 1.00000 2.27840
4 2.93979 2.47644 0.0300000 1.00000 0.775747
5 1.87350 2.75447 0.0300000 1.00000 1.83451
6 2.98711 0.987826 0.0300000 1.00000 0.210634
7 1.17051 0.813225 0.0300000 1.00000 0.743173
8 3.00894 1.35460 0.0300000 1.00000 2.29596
9 1.01817 0.208930 0.0300000 1.00000 -0.688756
10 0.877413 1.97672 0.0300000 1.00000 1.22810
81
1 1.83440 0.522068 0.0300000 1.00000 0.519146
2 0.509351 0.882811 0.0300000 1.00000 1.18960
3 1.62389 2.56314 0.0300000 1.00000 0.439357
4 2.96121 2.49745 0.0300000 1.00000 3.34211
5 1.86568 2.78343 0.0300000 1.00000 1.58914
6 3.01645 0.994098 0.0300000 1.00000 1.32356
7 1.19260 0.833524 0.0300000 1.00000 1.54800
8 2.98904 1.37705 0.0300000 1.00000 1.04063
9 1.04134 0.189863 0.0300000 1.00000 1.34697
10 0.887494 2.00498 0.0300000 1.00000 -0.0525469
82
1 1.86045 0.536952 0.0300000 1.00000 0.186808
2 0.520512 0.910658 0.0300000 1.00000 1.28893
3 1.65104 2.57590 0.0300000 1.00000 0.303866
4 2.93181 2.49148 0.0300000 1.00000 0.221255
5 1.86513 2.81343 0.0300000 1.00000 -0.0484309
6 3.02379 1.02319 0.0300000 1.00000 -0.368911
7 1.19328 0.863516 0.0300000 1.00000 1.72309
8 3.00421 1.40293 0.0300000 1.00000 -0.0217262
9 1.04799 0.219114 0.0300000 1.00000 -0.355807
10 0.917453 2.00340 0.0300000 1.00000 -0.539643
83
1 1.88993 0.542524 0.0300000 1.00000 -0.302315
2 0.528857 0.939474 0.0300000 1.00000 1.61815
3 1.67966 2.58487 0.0300000 1.00000 -1.19055
4 2.96108 2.49806 0.0300000 1.00000 -0.207876
5 1.89509 2.81198 0.0300000 1.00000 -0.689480
6 3.05177 1.01237 0.0300000 1.00000 1.32517
7 1.18873 0.893169 0.0300000 1.00000 -0.796248
8 3.03420 1.40228 0.0300000 1.00000 0.254935
9 1.07612 0.208664 0.0300000 1.00000 -0.829487
10 0.943189 1.98799 0.0300000 1.00000 0.156421
84
1 1.91857 0.533592 0.0300000 1.00000 0.482337
2 0.527437 0.969440 0.0300000 1.00000 -1.25359
3 1.69080 2.55702 0.0300000 1.00000 0.0916728
4 2.99043 2.49187 0.0300000 1.00000 -1.13926
5 1.91824 2.79289 0.0300000 1.00000 -0.370943
6 3.05907 1.04147 0.0300000 1.00000 0.330225
7 1.20971 0.871727 0.0300000 1.00000 0.562546
8 3.06323 1.40984 0.0300000 1.00000 0.597344
9 1.09637 0.186536 0.0300000 1.00000 1.54793
10 0.972823 1.99266 0.0300000 1.00000 -1.94118
85
1 1.94514 0.547508 0.0300000 1.00000 1.21560
2 0.536794 0.940937 0.0300000 1.00000 0.855344
3 1.72067 2.55976 0.0300000 1.00000 -0.0560408
4 3.00298 2.46462 0.0300000 1.00000 0.611165
5 1.94620 2.78202 0.0300000 1.00000 -1.03821
6 3.08744 1.05120 0.0300000 1.00000 1.84054
7 1.23509 0.887727 0.0300000 1.00000 1.48840
8 3.08804 1.42672 0.0300000 1.00000 1.60433
9 1.09706 0.216528 0.0300000 1.00000 -0.407551
10 0.961964 1.96470 0.0300000 1.00000 1.35644
86
1 1.95558 0.575635 0.0300000 1.00000 0.574565
2 0.556473 0.963581 0.0300000 1.00000 0.564249
3 1.75062 2.55808 0.0300000 1.00000 0.931760
4 3.02755 2.48183 0.0300000 1.00000 -0.125966
5 1.96143 2.75617 0.0300000 1.00000 0.841067
6 3.07945 1.08011 0.0300000 1.00000 1.05389
7 1.23756 0.917625 0.0300000 1.00000 -0.341420
8 3.08703 1.45670 0.0300000 1.00000 0.860869
9 1.12460 0.204638 0.0300000 1.00000 1.42744
10 0.968345 1.99401 0.0300000 1.00000 1.63460
87
1 1.98076 0.591939 0.0300000 1.00000 1.09039
2 0.581823 0.979624 0.0300000 1.00000 1.20657
3 1.76852 2.58216 0.0300000 1.00000 -0.268452
4 3.05731 2.47806 0.0300000 1.00000 1.35616
5 1.98143 2.77853 0.0300000 1.00000 -0.365047
6 3.09428 1.10619 0.0300000 1.00000 1.97016
7 1.26583 0.907581 0.0300000 1.00000 1.72175
8 0.00658666 1.47945 0.0300000 1.00000 0.675480
9 1.12889 0.234330 0.0300000 1.00000 -0.609060
10 0.966433 2.02395 0.0300000 1.00000 0.266215
88
1 1.99462 0.618543 0.0300000 1.00000 2.13555
2 0.592510 1.00766 0.0300000 1.00000 -0.171582
3 1.79744 2.57421 0.0300000 1.00000 0.0744125
4 3.06370 2.50738 0.0300000 1.00000 1.01144
5 2.00945 2.76782 0.0300000 1.00000 0.526743
6 3.08261 1.13383 0.0300000 1.00000 -0.0786622
7 1.26132 0.937239 0.0300000 1.00000 1.94901
8 0.0299989 1.49821 0.0300000 1.00000 1.73299
9 1.15349 0.217167 0.0300000 1.00000 -0.201087
10 0.995376 2.03184 0.0300000 1.00000 0.309333
89
1 1.97857 0.643885 0.0300000 1.00000 -0.329356
2 0.622069 1.00253 0.0300000 1.00000 0.987326
3 1.82736 2.57644 0.0300000 1.00000 1.96227
4 3.07962 2.53280 0.0300000 1.00000 0.620178
5 2.03539 2.78291 0.0300000 1.00000 1.79475
6 0.0125177 1.13147 0.0300000 1.00000 0.651444
7 1.25024 0.965119 0.0300000 1.00000 0.568258
8 0.0251544 1.52782 0.0300000 1.00000 0.284649
9 1.18289 0.211175 0.0300000 1.00000 0.959183
10 1.02395 2.04097 0.0300000 1.00000 2.17728
90
1 2.00696 0.634182 0.0300000 1.00000 2.08164
2 0.638597 1.02757 0.0300000 1.00000 0.930568
3 1.81591 2.60417 0.0300000 1.00000 2.22982
4 0.00403489 2.55024 0.0300000 1.00000 1.21473
5 2.02873 2.81216 0.0300000 1.00000 1.64905
6 0.0363739 1.14966 0.0300000 1.00000 0.654081
7 1.27552 0.981264 0.0300000 1.00000 0.913026
8 0.0539473 1.53624 0.0300000 1.00000 1.76829
9 1.20011 0.235737 0.0300000 1.00000 1.76301
10 1.00685 2.06562 0.0300000 1.00000 2.33845
91
1 1.99229 0.660352 0.0300000 1.00000 0.210688
2 0.656518 1.05163 0.0300000 1.00000 2.79761
3 1.79754 2.62788 0.0300000 1.00000 2.35746
4 0.0144925 2.57836 0.0300000 1.00000 1.42843
5 2.02638 2.84206 0.0300000 1.00000 2.06456
6 0.0601822 1.16792 0.0300000 1.00000 0.603104
7 1.29387 1.00500 0.0300000 1.00000 2.78591
8 0.0480608 1.56566 0.0300000 1.00000 2.88717
9 1.19438 0.265184 0.0300000 1.00000 2.78391
10 0.986019 2.08721 0.0300000 1.00000 2.94852
92
1 2.02162 0.666626 0.0300000 1.00000 2.30425
2 0.628276 1.06175 0.0300000 1.00000 2.92815
3 1.77630 2.64907 0.0300000 1.00000 2.30803
4 0.0187490 2.60805 0.0300000 1.00000 3.64529
5 2.01216 2.86848 0.0300000 1.00000 1.40077
6 0.0848896 1.18493 0.0300000 1.00000 3.72728
7 1.26574 1.01545 0.0300000 1.00000 3.12019
8 0.0190265 1.57321 0.0300000 1.00000 0.725853
9 1.16628 0.275687 0.0300000 1.00000 1.92660
10 0.956576 2.09297 0.0300000 1.00000 1.68509
93
1 2.00154 0.688912 0.0300000 1.00000 2.50902
2 0.598956 1.06810 0.0300000 1.00000 1.92803
3 1.75613 2.67128 0.0300000 1.00000 3.11269
4 3.09247 2.59357 0.0300000 1.00000 3.75563
5 2.01724 2.89805 0.0300000 1.00000 3.46663
6 0.0598896 1.16835 0.0300000 1.00000 3.63007
7 1.23575 1.01609 0.0300000 1.00000 1.42654
8 0.0414645 1.59312 0.0300000 1.00000 3.89468
9 1.15583 0.303808 0.0300000 1.00000 2.52138
10 0.953155 2.12277 0.0300000 1.00000 1.53370
94
1 1.97735 0.706648 0.0300000 1.00000 2.14314
2 0.588466 1.09621 0.0300000 1.00000 3.37509
3 1.72615 2.67215 0.0300000 1.00000 -2.58675
4 3.06796 2.57629 0.0300000 1.00000 -3.23211
5 1.98881 2.88847 0.0300000 1.00000 -2.46012
6 0.0333982 1.15427 0.0300000 1.00000 1.48104
7 1.24006 1.04578 0.0300000 1.00000 1.77920
8 0.0195771 1.57260 0.0300000 1.00000 3.50927
9 1.13142 0.321244 0.0300000 1.00000 1.40529
10 0.954267 2.15275 0.0300000 1.00000 2.59100
95
1 1.96110 0.731867 0.0300000 1.00000 2.73706
2 0.559280 1.08927 0.0300000 1.00000 2.56184
3 1.70065 2.65634 0.0300000 1.00000 3.89062
4 3.03808 2.57900 0.0300000 1.00000 -3.04828
5 1.96551 2.86957 0.0300000 1.00000 4.30892
6 0.0360873 1.18415 0.0300000 1.00000 2.44882
7 1.23386 1.07513 0.0300000 1.00000 3.85175
8 3.09158 1.56182 0.0300000 1.00000 1.15502
9 1.13636 0.350835 0.0300000 1.00000 1.11815
10 0.928701 2.16845 0.0300000 1.00000 3.96936
96
1 1.93352 0.743675 0.0300000 1.00000 1.71895
2 0.534182 1.10570 0.0300000 1.00000 -1.68161
3 1.67868 2.63592 0.0300000 1.00000 -4.13524
4 3.00821 2.57621 0.0300000 1.00000 -2.37057
5 1.95373 2.84198 0.0300000 1.00000 -1.99490
6 0.0130030 1.20331 0.0300000 1.00000 -3.04152
7 1.21111 1.05557 0.0300000 1.00000 1.56452
8 0.00369924 1.58927 0.0300000 1.00000 -4.28375
9 1.14948 0.377813 0.0300000 1.00000 3.79026
10 0.908405 2.14635 0.0300000 1.00000 -2.89186
97
1 1.92909 0.773347 0.0300000 1.00000 1.62803
2 0.530864 1.07588 0.0300000 1.00000 3.99141
3 1.66231 2.66106 0.0300000 1.00000 -1.64361
4 2.98669 2.55530 0.0300000 1.00000 4.36983
5 1.94139 2.81464 0.0300000 1.00000 -3.00247
6 3.08315 1.20031 0.0300000 1.00000 4.14793
7 1.21130 1.08557 0.0300000 1.00000 1.91213
8 3.09123 1.61655 0.0300000 1.00000 3.45832
9 1.12558 0.359690 0.0300000 1.00000 4.01653
10 0.879336 2.13894 0.0300000 1.00000 2.81021
98
1 1.92738 0.803297 0.0300000 1.00000 -2.64346
2 0.511061 1.05335 0.0300000 1.00000 -3.95239
3 1.66012 2.63114 0.0300000 1.00000 -2.41422
4 2.97662 2.52704 0.0300000 1.00000 -1.65070
5 1.91168 2.81048 0.0300000 1.00000 -1.31953
6 3.06710 1.17497 0.0300000 1.00000 -1.85802
7 1.20125 1.11384 0.0300000 1.00000 -1.34386
8 3.06272 1.60721 0.0300000 1.00000 -2.96858
9 1.10634 0.336665 0.0300000 1.00000 -2.12697
10 0.850968 2.14870 0.0300000 1.00000 -1.74604
99
1 1.90102 0.788964 0.0300000 1.00000 -0.967168
2 0.490393 1.07510 0.0300000 1.00000 -2.40311
3 1.63772 2.61119 0.0300000 1.00000 -1.68818
4 2.97422 2.49714 0.0300000 1.00000 -3.22025
5 1.91913 2.78142 0.0300000 1.00000 -3.05779
6 3.05861 1.14620 0.0300000 1.00000 -1.08698
7 1.20800 1.08461 0.0300000 1.00000 -1.09398
8 3.03317 1.60204 0.0300000 1.00000 -0.986054
9 1.09051 0.311186 0.0300000 1.00000 -1.41300
10 0.845738 2.11916 0.0300000 1.00000 -2.45626
