0
1 1.79939 2.07224 0.0300000 1.00000 -0.139365
2 0.869923 0.927682 0.0300000 1.00000 -0.685857
3 1.88295 1.59164 0.0300000 1.00000 1.70790
4 1.49735 0.412629 0.0300000 1.00000 1.75034
5 1.63466 1.01255 0.0300000 1.00000 1.60575
6 3.03598 2.47219 0.0300000 1.00000 0.361255
7 2.86344 2.71647 0.0300000 1.00000 4.25420
8 1.58396 0.851045 0.0300000 1.00000 -2.02278
9 2.73825 1.81376 0.0300000 1.00000 0.436221
10 1.07212 2.43348 0.0300000 1.00000 3.06927
1
1 1.82910 2.06807 0.0300000 1.00000 -2.19278
2 0.893139 0.908682 0.0300000 1.00000 0.668657
3 1.87884 1.62135 0.0300000 1.00000 -1.27507
4 1.49199 0.442147 0.0300000 1.00000 1.06951
5 1.63362 1.04254 0.0300000 1.00000 3.19904
6 3.06405 2.48280 0.0300000 1.00000 -1.25066
7 2.85017 2.68957 0.0300000 1.00000 2.02390
8 1.57086 0.824058 0.0300000 1.00000 -0.991102
9 2.76544 1.82644 0.0300000 1.00000 -0.906631
10 1.04220 2.43565 0.0300000 1.00000 0.849563
2
1 1.81162 2.04369 0.0300000 1.00000 0.172905
2 0.916678 0.927280 0.0300000 1.00000 -0.708203
3 1.88759 1.59266 0.0300000 1.00000 1.36394
4 1.50641 0.468456 0.0300000 1.00000 2.48277
5 1.60367 1.04081 0.0300000 1.00000 1.32250
6 3.07349 2.45432 0.0300000 1.00000 -2.90344
7 2.83703 2.71654 0.0300000 1.00000 -0.654888
8 1.58729 0.798959 0.0300000 1.00000 2.39565
9 2.78393 1.80282 0.0300000 1.00000 -2.82699
10 1.06201 2.45818 0.0300000 1.00000 0.207370
3
1 1.84117 2.04885 0.0300000 1.00000 3.47359
2 0.939464 0.907766 0.0300000 1.00000 1.43427
3 1.89375 1.62202 0.0300000 1.00000 0.933210
4 1.48268 0.486821 0.0300000 1.00000 2.03962
5 1.61104 1.06989 0.0300000 1.00000 2.39983
6 3.04434 2.44724 0.0300000 1.00000 2.71443
7 2.86083 2.69827 0.0300000 1.00000 1.03834
8 1.56526 0.819318 0.0300000 1.00000 2.65323
9 2.75540 1.79353 0.0300000 1.00000 -1.22546
10 1.09137 2.46436 0.0300000 1.00000 1.33567
4
1 1.81281 2.03907 0.0300000 1.00000 3.45934
2 0.943547 0.937487 0.0300000 1.00000 1.71888
3 1.91161 1.64612 0.0300000 1.00000 1.61936
4 1.46913 0.513584 0.0300000 1.00000 3.91163
5 1.58892 1.09016 0.0300000 1.00000 2.55972
6 3.01703 2.45967 0.0300000 1.00000 2.35037
7 2.87606 2.72411 0.0300000 1.00000 1.41015
8 1.53877 0.833394 0.0300000 1.00000 2.89083
9 2.76556 1.76531 0.0300000 1.00000 4.26536
10 1.09836 2.49353 0.0300000 1.00000 1.86611
5
1 1.78431 2.02970 0.0300000 1.00000 -0.0282716
2 0.939121 0.967158 0.0300000 1.00000 0.286948
3 1.91015 1.67609 0.0300000 1.00000 3.20016
4 1.44759 0.492699 0.0300000 1.00000 3.75178
5 1.56386 1.10665 0.0300000 1.00000 -0.0346405
6 2.99594 2.48101 0.0300000 1.00000 3.94061
7 2.88086 2.75373 0.0300000 1.00000 4.78056
8 1.50971 0.840838 0.0300000 1.00000 4.30724
9 2.75259 1.73825 0.0300000 1.00000 0.0284236
10 1.08963 2.52223 0.0300000 1.00000 4.41788
6
1 1.81430 2.02885 0.0300000 1.00000 0.815986
2 0.967895 0.975649 0.0300000 1.00000 -1.09709
3 1.88020 1.67433 0.0300000 1.00000 -4.05396
4 1.42301 0.475509 0.0300000 1.00000 -1.46370
5 1.59384 1.10561 0.0300000 1.00000 -1.37775
6 2.97502 2.45951 0.0300000 1.00000 0.257344
7 2.88290 2.72380 0.0300000 1.00000 1.86314
8 1.49788 0.813267 0.0300000 1.00000 -3.18152
9 2.78258 1.73911 0.0300000 1.00000 -2.79204
10 1.08092 2.49352 0.0300000 1.00000 -1.41972
7
1 1.83485 2.05070 0.0300000 1.00000 -4.12928
2 0.981580 0.948952 0.0300000 1.00000 -2.44680
3 1.86185 1.69806 0.0300000 1.00000 0.691445
4 1.42621 0.445681 0.0300000 1.00000 -1.35623
5 1.59959 1.07617 0.0300000 1.00000 0.536198
6 3.00403 2.46714 0.0300000 1.00000 4.16494
7 2.87425 2.75252 0.0300000 1.00000 -1.63617
8 1.46791 0.814464 0.0300000 1.00000 -4.45396
9 2.75439 1.72883 0.0300000 1.00000 -2.97110
10 1.08543 2.46387 0.0300000 1.00000 -1.82469
8
1 1.81834 2.07575 0.0300000 1.00000 -3.60425
2 0.958535 0.929746 0.0300000 1.00000 1.76365
3 1.88496 1.71719 0.0300000 1.00000 -2.70486
4 1.43260 0.416369 0.0300000 1.00000 4.24400
5 1.62538 1.09149 0.0300000 1.00000 -1.52283
6 2.98842 2.44153 0.0300000 1.00000 -4.01193
7 2.87229 2.72259 0.0300000 1.00000 0.599339
8 1.46024 0.843468 0.0300000 1.00000 1.35203
9 2.72483 1.72374 0.0300000 1.00000 -4.19018
10 1.07790 2.43483 0.0300000 1.00000 -3.40002
9
1 1.79149 2.08914 0.0300000 1.00000 3.98114
2 0.952785 0.959190 0.0300000 1.00000 0.163424
3 1.85777 1.70450 0.0300000 1.00000 3.88043
4 1.41906 0.389600 0.0300000 1.00000 2.67345
5 1.62682 1.06153 0.0300000 1.00000 4.05745
6 2.96908 2.46446 0.0300000 1.00000 3.03569
7 2.89706 2.73951 0.0300000 1.00000 4.15865
8 1.46675 0.872753 0.0300000 1.00000 2.24456
9 2.70986 1.74974 0.0300000 1.00000 4.70773
10 1.04890 2.44249 0.0300000 1.00000 2.74623
10
1 1.77146 2.06681 0.0300000 1.00000 -0.211083
2 0.982385 0.964071 0.0300000 1.00000 -6.23748
3 1.83559 1.68430 0.0300000 1.00000 -1.46967
4 1.39228 0.403137 0.0300000 1.00000 -4.02367
5 1.60855 1.03774 0.0300000 1.00000 -4.18775
6 2.93925 2.46763 0.0300000 1.00000 -1.80325
7 2.88129 2.71399 0.0300000 1.00000 -3.63779
8 1.44803 0.896198 0.0300000 1.00000 -4.04386
9 2.70972 1.71974 0.0300000 1.00000 -0.394602
10 1.02121 2.45405 0.0300000 1.00000 -4.32859
11
1 1.80079 2.06052 0.0300000 1.00000 -2.73750
2 1.01235 0.965441 0.0300000 1.00000 0.984256
3 1.83862 1.65445 0.0300000 1.00000 3.63216
4 1.37322 0.426299 0.0300000 1.00000 3.37394
5 1.59352 1.06370 0.0300000 1.00000 4.81179
6 2.93234 2.43844 0.0300000 1.00000 -0.0630434
7 2.85491 2.72828 0.0300000 1.00000 -0.847498
8 1.42944 0.919740 0.0300000 1.00000 -0.805152
9 2.73742 1.70821 0.0300000 1.00000 3.08019
10 1.00998 2.48187 0.0300000 1.00000 0.0130115
12
1 1.77321 2.04873 0.0300000 1.00000 0.561223
2 1.02896 0.990427 0.0300000 1.00000 -0.929699
3 1.81216 1.64032 0.0300000 1.00000 -4.24237
4 1.34402 0.419391 0.0300000 1.00000 -2.44034
5 1.59650 1.03385 0.0300000 1.00000 -1.41455
6 2.96228 2.43655 0.0300000 1.00000 -2.88189
7 2.87476 2.70579 0.0300000 1.00000 -4.75352
8 1.45023 0.898111 0.0300000 1.00000 -4.33831
9 2.70747 1.71005 0.0300000 1.00000 1.07119
10 1.03997 2.48226 0.0300000 1.00000 -2.06915
13
1 1.79860 2.06469 0.0300000 1.00000 1.99074
2 1.04690 0.966384 0.0300000 1.00000 1.29877
3 1.79857 1.66706 0.0300000 1.00000 0.880921
4 1.32110 0.400036 0.0300000 1.00000 3.36727
5 1.60117 1.00421 0.0300000 1.00000 5.22718
6 2.93328 2.42885 0.0300000 1.00000 0.179465
7 2.87600 2.73576 0.0300000 1.00000 0.311245
8 1.43926 0.926037 0.0300000 1.00000 3.69891
9 2.72185 1.73638 0.0300000 1.00000 -0.732353
10 1.02563 2.45591 0.0300000 1.00000 3.00255
14
1 1.78637 2.09209 0.0300000 1.00000 -1.93636
2 1.05496 0.995281 0.0300000 1.00000 2.35939
3 1.81767 1.69020 0.0300000 1.00000 -1.76588
4 1.29186 0.393322 0.0300000 1.00000 2.89840
5 1.61594 0.978102 0.0300000 1.00000 4.10036
6 2.96280 2.43420 0.0300000 1.00000 -0.253743
7 2.90455 2.74495 0.0300000 1.00000 2.12477
8 1.41380 0.910169 0.0300000 1.00000 4.65413
9 2.74415 1.71633 0.0300000 1.00000 -1.34091
10 0.995924 2.46006 0.0300000 1.00000 4.21087
15
1 1.77565 2.06407 0.0300000 1.00000 0.634329
2 1.03368 1.01643 0.0300000 1.00000 -1.88065
3 1.81185 1.66077 0.0300000 1.00000 0.911452
4 1.26275 0.400546 0.0300000 1.00000 -4.15258
5 1.59870 0.953547 0.0300000 1.00000 -1.61864
6 2.99184 2.42667 0.0300000 1.00000 -3.53230
7 2.88877 2.77046 0.0300000 1.00000 -2.35080
8 1.41206 0.880220 0.0300000 1.00000 -0.0127148
9 2.75099 1.68711 0.0300000 1.00000 -2.86525
10 0.981501 2.43376 0.0300000 1.00000 -0.260091
16
1 1.79981 2.08185 0.0300000 1.00000 0.761659
2 1.02453 0.987855 0.0300000 1.00000 -2.25838
3 1.83023 1.68448 0.0300000 1.00000 -2.78615
4 1.24682 0.425967 0.0300000 1.00000 -1.90648
5 1.59727 0.923582 0.0300000 1.00000 -1.11240
6 2.96410 2.43810 0.0300000 1.00000 2.79952
7 2.86767 2.74914 0.0300000 1.00000 4.51487
8 1.44205 0.879839 0.0300000 1.00000 0.399917
9 2.72213 1.67893 0.0300000 1.00000 -4.31680
10 1.01049 2.42604 0.0300000 1.00000 1.04958
17
1 1.82152 2.10255 0.0300000 1.00000 2.71051
2 1.00549 0.964671 0.0300000 1.00000 -3.19658
3 1.80210 1.67404 0.0300000 1.00000 -1.33203
4 1.23693 0.397642 0.0300000 1.00000 -0.349662
5 1.61054 0.896679 0.0300000 1.00000 -2.42250
6 2.93584 2.44816 0.0300000 1.00000 5.13703
7 2.86179 2.71972 0.0300000 1.00000 4.01099
8 1.46969 0.891519 0.0300000 1.00000 -1.88547
9 2.71057 1.70661 0.0300000 1.00000 0.824770
10 1.02543 2.45206 0.0300000 1.00000 3.94684
18
1 1.79427 2.11509 0.0300000 1.00000 -0.326066
2 0.975538 0.966320 0.0300000 1.00000 -3.24870
3 1.80920 1.64490 0.0300000 1.00000 -1.70966
4 1.26512 0.387364 0.0300000 1.00000 -0.754347
5 1.58797 0.876918 0.0300000 1.00000 -0.609402
6 2.94820 2.42082 0.0300000 1.00000 -0.994289
7 2.84243 2.69680 0.0300000 1.00000 -1.85967
8 1.46040 0.862992 0.0300000 1.00000 -1.24617
9 2.73093 1.72864 0.0300000 1.00000 -4.71238
10 1.00464 2.43043 0.0300000 1.00000 -3.75666
19
1 1.82269 2.10548 0.0300000 1.00000 -4.18177
2 0.945710 0.969527 0.0300000 1.00000 -3.12486
3 1.80505 1.61518 0.0300000 1.00000 -1.16662
4 1.28698 0.366820 0.0300000 1.00000 1.87063
5 1.61257 0.859746 0.0300000 1.00000 -4.25595
6 2.96455 2.39567 0.0300000 1.00000 -0.725387
7 2.83388 2.66804 0.0300000 1.00000 0.339423
8 1.46997 0.834559 0.0300000 1.00000 -3.73328
9 2.73093 1.75864 0.0300000 1.00000 0.0913077
10 0.980140 2.44774 0.0300000 1.00000 -1.54322
20
1 1.80751 2.13135 0.0300000 1.00000 -2.92494
2 0.915714 0.969025 0.0300000 1.00000 2.68250
3 1.81685 1.58760 0.0300000 1.00000 1.21960
4 1.27812 0.395481 0.0300000 1.00000 4.82082
5 1.59935 0.886675 0.0300000 1.00000 3.37925
6 2.98700 2.37577 0.0300000 1.00000 -2.84377
7 2.86217 2.67803 0.0300000 1.00000 -2.96047
8 1.44507 0.851292 0.0300000 1.00000 1.54206
9 2.76080 1.76138 0.0300000 1.00000 0.0785932
10 0.980967 2.41775 0.0300000 1.00000 -1.48378
21
1 1.77821 2.12490 0.0300000 1.00000 -3.77410
2 0.888820 0.982319 0.0300000 1.00000 4.82477
3 1.82717 1.61577 0.0300000 1.00000 -4.27419
4 1.28137 0.365658 0.0300000 1.00000 1.45854
5 1.57019 0.879613 0.0300000 1.00000 -0.960538
6 2.95832 2.36697 0.0300000 1.00000 4.13200
7 2.83266 2.67263 0.0300000 1.00000 3.67942
8 1.44593 0.881279 0.0300000 1.00000 1.14170
9 2.79071 1.76374 0.0300000 1.00000 3.65583
10 0.983574 2.38786 0.0300000 1.00000 -3.96167
22
1 1.75401 2.14264 0.0300000 1.00000 0.765732
2 0.892185 0.952509 0.0300000 1.00000 -0.596380
3 1.81444 1.64294 0.0300000 1.00000 1.14021
4 1.28473 0.395469 0.0300000 1.00000 1.75111
5 1.58738 0.855028 0.0300000 1.00000 -1.40040
6 2.94187 2.34188 0.0300000 1.00000 -3.30645
7 2.80690 2.65726 0.0300000 1.00000 -1.79759
8 1.45841 0.908560 0.0300000 1.00000 -0.231893
9 2.76459 1.74898 0.0300000 1.00000 5.96877
10 0.963109 2.40980 0.0300000 1.00000 1.54748
23
1 1.77564 2.16343 0.0300000 1.00000 3.69454
2 0.917006 0.935659 0.0300000 1.00000 2.74653
3 1.82696 1.67020 0.0300000 1.00000 0.500940
4 1.27935 0.424982 0.0300000 1.00000 -1.75412
5 1.59247 0.825462 0.0300000 1.00000 0.316674
6 2.91228 2.34680 0.0300000 1.00000 -1.76729
7 2.80015 2.62803 0.0300000 1.00000 3.01365
8 1.48761 0.901665 0.0300000 1.00000 2.59491
9 2.79312 1.73970 0.0300000 1.00000 -2.50604
10 0.963809 2.43979 0.0300000 1.00000 0.231192
24
1 1.75011 2.14767 0.0300000 1.00000 -4.96986
2 0.889317 0.947205 0.0300000 1.00000 2.53654
3 1.85327 1.68460 0.0300000 1.00000 -3.71475
4 1.27388 0.395485 0.0300000 1.00000 2.20725
5 1.62098 0.834804 0.0300000 1.00000 4.06001
6 2.90642 2.31738 0.0300000 1.00000 -5.44868
7 2.77040 2.63186 0.0300000 1.00000 -5.63389
8 1.46198 0.917261 0.0300000 1.00000 5.06459
9 2.76898 1.72189 0.0300000 1.00000 -2.10152
10 0.993010 2.44667 0.0300000 1.00000 2.51280
25
1 1.75775 2.17668 0.0300000 1.00000 3.94710
2 0.864643 0.964270 0.0300000 1.00000 3.73677
3 1.82807 1.70087 0.0300000 1.00000 5.31342
4 1.25605 0.419611 0.0300000 1.00000 -1.33966
5 1.60277 0.810965 0.0300000 1.00000 -5.90543
6 2.92657 2.33961 0.0300000 1.00000 -0.187875
7 2.79429 2.64999 0.0300000 1.00000 2.40564
8 1.47233 0.889102 0.0300000 1.00000 -3.30878
9 2.75379 1.69602 0.0300000 1.00000 1.61801
10 0.968748 2.46431 0.0300000 1.00000 -0.477453
26
1 1.73696 2.15505 0.0300000 1.00000 -3.49034
2 0.839801 0.947450 0.0300000 1.00000 -3.34583
3 1.84503 1.67613 0.0300000 1.00000 -3.91901
4 1.26292 0.390409 0.0300000 1.00000 -2.49061
5 1.63065 0.822030 0.0300000 1.00000 -4.20922
6 2.95604 2.33401 0.0300000 1.00000 1.36807
7 2.77205 2.67013 0.0300000 1.00000 -2.57898
8 1.44275 0.894095 0.0300000 1.00000 -2.76172
9 2.75238 1.72599 0.0300000 1.00000 -2.90903
10 0.995393 2.45053 0.0300000 1.00000 -0.528506
27
1 1.70877 2.16530 0.0300000 1.00000 0.264624
2 0.810425 0.953534 0.0300000 1.00000 5.24084
3 1.82365 1.69717 0.0300000 1.00000 0.160920
4 1.23905 0.372230 0.0300000 1.00000 2.09449
5 1.61619 0.848312 0.0300000 1.00000 0.962036
6 2.96208 2.36339 0.0300000 1.00000 3.65245
7 2.74668 2.65413 0.0300000 1.00000 2.70632
8 1.41489 0.882971 0.0300000 1.00000 2.58007
9 2.72319 1.71907 0.0300000 1.00000 5.21736
10 1.02130 2.43540 0.0300000 1.00000 4.60920
28
1 1.73773 2.17315 0.0300000 1.00000 -0.388771
2 0.825551 0.927627 0.0300000 1.00000 4.21072
3 1.85326 1.70198 0.0300000 1.00000 1.05809
4 1.22405 0.398210 0.0300000 1.00000 -1.75026
5 1.63334 0.872922 0.0300000 1.00000 -1.35809
6 2.93591 2.34872 0.0300000 1.00000 -2.02335
7 2.71948 2.66678 0.0300000 1.00000 -2.65161
8 1.38950 0.898945 0.0300000 1.00000 1.75538
9 2.73770 1.69282 0.0300000 1.00000 -0.0272736
10 1.01821 2.40556 0.0300000 1.00000 -2.07578
29
1 1.76549 2.16178 0.0300000 1.00000 -1.12393
2 0.811124 0.901323 0.0300000 1.00000 -3.83212
3 1.86798 1.72812 0.0300000 1.00000 -0.110687
4 1.21870 0.368691 0.0300000 1.00000 -3.68303
5 1.63967 0.843598 0.0300000 1.00000 -3.70791
6 2.92279 2.32174 0.0300000 1.00000 -1.71331
7 2.69301 2.65266 0.0300000 1.00000 -2.40254
8 1.38399 0.928435 0.0300000 1.00000 -2.37950
9 2.76769 1.69200 0.0300000 1.00000 -2.66697
10 1.00370 2.37930 0.0300000 1.00000 -2.46394
30
1 1.77845 2.13472 0.0300000 1.00000 -4.28382
2 0.787997 0.920432 0.0300000 1.00000 -0.0682779
3 1.89779 1.72481 0.0300000 1.00000 -5.40564
4 1.19299 0.384152 0.0300000 1.00000 3.70024
5 1.61436 0.859694 0.0300000 1.00000 1.28173
6 2.91853 2.29205 0.0300000 1.00000 -4.58627
7 2.67083 2.63246 0.0300000 1.00000 -0.920587
8 1.36229 0.907722 0.0300000 1.00000 2.21302
9 2.74100 1.67829 0.0300000 1.00000 -2.52190
10 0.980325 2.36049 0.0300000 1.00000 0.833131
31
1 1.76598 2.16201 0.0300000 1.00000 3.14084
2 0.817927 0.918385 0.0300000 1.00000 -1.77175
3 1.91697 1.74788 0.0300000 1.00000 -0.942835
4 1.16755 0.368251 0.0300000 1.00000 -1.13241
5 1.62291 0.888450 0.0300000 1.00000 -0.609357
6 2.91476 2.32181 0.0300000 1.00000 -1.47063
7 2.68899 2.60858 0.0300000 1.00000 -1.17283
8 1.34432 0.931745 0.0300000 1.00000 1.59907
9 2.71658 1.66086 0.0300000 1.00000 2.24247
10 1.00050 2.38269 0.0300000 1.00000 3.90289
32
1 1.73598 2.16203 0.0300000 1.00000 -2.67479
2 0.811939 0.888989 0.0300000 1.00000 -0.238999
3 1.93459 1.72361 0.0300000 1.00000 -4.70836
4 1.18028 0.341088 0.0300000 1.00000 -0.118297
5 1.64751 0.871279 0.0300000 1.00000 -4.10233
6 2.91776 2.29196 0.0300000 1.00000 -0.727499
7 2.70062 2.58092 0.0300000 1.00000 -1.81058
8 1.34347 0.961733 0.0300000 1.00000 0.414919
9 2.69791 1.68435 0.0300000 1.00000 -1.11610
10 0.978783 2.36200 0.0300000 1.00000 -1.08722
33
1 1.70919 2.14853 0.0300000 1.00000 -1.38523
2 0.841086 0.881887 0.0300000 1.00000 -0.953182
3 1.93447 1.75361 0.0300000 1.00000 -1.27724
4 1.21007 0.337548 0.0300000 1.00000 3.26757
5 1.63032 0.895868 0.0300000 1.00000 1.37544
6 2.94016 2.27201 0.0300000 1.00000 -0.542014
7 2.69349 2.55178 0.0300000 1.00000 -1.83187
8 1.37093 0.973827 0.0300000 1.00000 0.901130
9 2.71109 1.65740 0.0300000 1.00000 -1.98572
10 0.992732 2.33544 0.0300000 1.00000 -1.26437
34
1 1.71473 2.11904 0.0300000 1.00000 1.53003
2 0.858459 0.857429 0.0300000 1.00000 0.846900
3 1.94315 1.72489 0.0300000 1.00000 0.414600
4 1.18031 0.333778 0.0300000 1.00000 -2.33328
5 1.63615 0.925297 0.0300000 1.00000 -1.99614
6 2.96586 2.25653 0.0300000 1.00000 0.153061
7 2.68575 2.52280 0.0300000 1.00000 -3.57452
8 1.38955 0.997348 0.0300000 1.00000 -4.31309
9 2.69900 1.62994 0.0300000 1.00000 -0.547480
10 1.00178 2.30684 0.0300000 1.00000 0.0528463
35
1 1.71595 2.14902 0.0300000 1.00000 -2.45782
2 0.878328 0.879906 0.0300000 1.00000 -0.0508228
3 1.97061 1.73698 0.0300000 1.00000 0.882908
4 1.15959 0.312084 0.0300000 1.00000 -0.819580
5 1.62377 0.897970 0.0300000 1.00000 0.821140
6 2.99551 2.26111 0.0300000 1.00000 1.27145
7 2.65852 2.53538 0.0300000 1.00000 2.84338
8 1.37788 1.02499 0.0300000 1.00000 -0.904293
9 2.72461 1.61433 0.0300000 1.00000 2.97552
10 1.03174 2.30842 0.0300000 1.00000 1.68793
36
1 1.69270 2.13007 0.0300000 1.00000 1.75731
2 0.908289 0.878382 0.0300000 1.00000 -1.47110
3 1.98966 1.76015 0.0300000 1.00000 0.342668
4 1.18007 0.290159 0.0300000 1.00000 -3.05795
5 1.64421 0.919928 0.0300000 1.00000 -2.05464
6 3.00436 2.28977 0.0300000 1.00000 0.753653
7 2.62984 2.54420 0.0300000 1.00000 5.27729
8 1.39643 1.00141 0.0300000 1.00000 0.371298
9 2.69502 1.61928 0.0300000 1.00000 3.91767
10 1.02823 2.33821 0.0300000 1.00000 1.94230
37
1 1.68713 2.15955 0.0300000 1.00000 -2.05297
2 0.911275 0.848531 0.0300000 1.00000 -1.96534
3 2.01791 1.77023 0.0300000 1.00000 1.16183
4 1.15017 0.287652 0.0300000 1.00000 -2.54875
5 1.63025 0.893372 0.0300000 1.00000 1.33330
6 3.02623 2.31030 0.0300000 1.00000 2.54931
7 2.64590 2.51886 0.0300000 1.00000 -2.10490
8 1.42439 1.01229 0.0300000 1.00000 -0.304652
9 2.67361 1.59827 0.0300000 1.00000 1.46713
10 1.01734 2.36617 0.0300000 1.00000 0.294317
38
1 1.67322 2.13297 0.0300000 1.00000 2.58773
2 0.899744 0.820836 0.0300000 1.00000 -1.11420
3 2.02984 1.79776 0.0300000 1.00000 5.51017
4 1.12529 0.270891 0.0300000 1.00000 -1.63767
5 1.63731 0.922530 0.0300000 1.00000 2.96933
6 3.00134 2.32705 0.0300000 1.00000 4.97033
7 2.63063 2.49304 0.0300000 1.00000 5.13256
8 1.45301 1.00329 0.0300000 1.00000 3.53298
9 2.67672 1.62811 0.0300000 1.00000 4.52722
10 1.04605 2.37487 0.0300000 1.00000 -1.82775
39
1 1.64771 2.14875 0.0300000 1.00000 0.880696
2 0.912970 0.793909 0.0300000 1.00000 -1.74482
3 2.05132 1.77681 0.0300000 1.00000 1.08178
4 1.12329 0.240958 0.0300000 1.00000 -4.07798
5 1.60775 0.927672 0.0300000 1.00000 0.664319
6 3.00900 2.29804 0.0300000 1.00000 1.34392
7 2.64287 2.46564 0.0300000 1.00000 -4.13677
8 1.42527 0.991850 0.0300000 1.00000 -1.73218
9 2.67119 1.59862 0.0300000 1.00000 -4.70050
10 1.03843 2.34586 0.0300000 1.00000 -0.765303
40
1 1.66681 2.17188 0.0300000 1.00000 2.72150
2 0.907776 0.764362 0.0300000 1.00000 -0.826282
3 2.06541 1.80329 0.0300000 1.00000 2.79863
4 1.10550 0.265120 0.0300000 1.00000 0.328554
5 1.63137 0.946168 0.0300000 1.00000 -1.19970
6 3.01574 2.32727 0.0300000 1.00000 -0.703958
7 2.62654 2.49081 0.0300000 1.00000 0.860372
8 1.42045 0.962240 0.0300000 1.00000 -0.0196057
9 2.67084 1.62862 0.0300000 1.00000 2.55024
10 1.06006 2.32507 0.0300000 1.00000 3.73411
41
1 1.63941 2.18412 0.0300000 1.00000 -0.229780
2 0.928104 0.742300 0.0300000 1.00000 -2.85731
3 2.03716 1.81338 0.0300000 1.00000 -3.57625
4 1.13390 0.274801 0.0300000 1.00000 -0.677228
5 1.64225 0.918210 0.0300000 1.00000 -1.42026
6 3.03861 2.30786 0.0300000 1.00000 2.85617
7 2.64610 2.51355 0.0300000 1.00000 1.33968
8 1.45045 0.961652 0.0300000 1.00000 2.27110
9 2.64593 1.64534 0.0300000 1.00000 -0.143837
10 1.03518 2.30832 0.0300000 1.00000 0.623021
42
1 1.66863 2.17729 0.0300000 1.00000 2.75215
2 0.899308 0.733886 0.0300000 1.00000 -3.49256
3 2.00995 1.82602 0.0300000 1.00000 1.51530
4 1.15728 0.256002 0.0300000 1.00000 -4.64779
5 1.64675 0.888549 0.0300000 1.00000 0.126983
6 3.00983 2.31630 0.0300000 1.00000 1.55643
7 2.65297 2.54276 0.0300000 1.00000 2.10532
8 1.43111 0.984591 0.0300000 1.00000 -5.10041
9 2.67562 1.64104 0.0300000 1.00000 2.85557
10 1.05954 2.32582 0.0300000 1.00000 -1.31134
43
1 1.64087 2.18868 0.0300000 1.00000 1.04139
2 0.871137 0.744200 0.0300000 1.00000 1.93010
3 2.01161 1.85597 0.0300000 1.00000 4.70030
4 1.15534 0.285939 0.0300000 1.00000 2.12060
5 1.67651 0.892348 0.0300000 1.00000 1.03759
6 3.01026 2.34630 0.0300000 1.00000 1.46526
7 2.63769 2.56857 0.0300000 1.00000 -0.378242
8 1.44246 1.01236 0.0300000 1.00000 1.93093
9 2.64684 1.64951 0.0300000 1.00000 4.34126
10 1.06724 2.29683 0.0300000 1.00000 5.04217
44
1 1.65602 2.21457 0.0300000 1.00000 -3.38089
2 0.860588 0.772284 0.0300000 1.00000 1.98408
3 2.01125 1.82597 0.0300000 1.00000 -1.75434
4 1.13967 0.311518 0.0300000 1.00000 3.64700
5 1.69176 0.918184 0.0300000 1.00000 1.43457
6 3.01342 2.37613 0.0300000 1.00000 -3.27744
7 2.66557 2.55749 0.0300000 1.00000 0.0547427
8 1.43189 1.04044 0.0300000 1.00000 -0.827355
9 2.63596 1.62155 0.0300000 1.00000 1.82050
10 1.07695 2.26845 0.0300000 1.00000 -3.78692
45
1 1.62688 2.22168 0.0300000 1.00000 1.46861
2 0.848540 0.799758 0.0300000 1.00000 -3.71970
3 2.00577 1.79648 0.0300000 1.00000 3.39845
4 1.11342 0.296993 0.0300000 1.00000 2.59140
5 1.69583 0.947906 0.0300000 1.00000 -0.189166
6 2.98369 2.38020 0.0300000 1.00000 1.46031
7 2.69553 2.55913 0.0300000 1.00000 5.66861
8 1.45220 1.01835 0.0300000 1.00000 2.62474
9 2.62855 1.65062 0.0300000 1.00000 2.69488
10 1.05299 2.28649 0.0300000 1.00000 1.59007
46
1 1.62994 2.25152 0.0300000 1.00000 4.64263
2 0.823415 0.816151 0.0300000 1.00000 0.616055
3 1.97676 1.78885 0.0300000 1.00000 2.41490
4 1.08785 0.312678 0.0300000 1.00000 1.49620
5 1.72530 0.942265 0.0300000 1.00000 2.86737
6 2.98700 2.41001 0.0300000 1.00000 1.87905
7 2.72004 2.54183 0.0300000 1.00000 -1.06689
8 1.42612 1.03318 0.0300000 1.00000 0.365644
9 2.60149 1.66358 0.0300000 1.00000 -0.407549
10 1.05241 2.31648 0.0300000 1.00000 0.190786
47
1 1.62785 2.22160 0.0300000 1.00000 2.59727
2 0.847900 0.833486 0.0300000 1.00000 3.81848
3 1.95433 1.80879 0.0300000 1.00000 0.917669
4 1.09008 0.342595 0.0300000 1.00000 -1.23906
5 1.69642 0.950388 0.0300000 1.00000 3.52711
6 2.97790 2.43860 0.0300000 1.00000 2.34698
7 2.73452 2.51556 0.0300000 1.00000 -2.68839
8 1.45413 1.04390 0.0300000 1.00000 0.469288
9 2.62903 1.65169 0.0300000 1.00000 1.98323
10 1.08186 2.32217 0.0300000 1.00000 -0.194236
48
1 1.60218 2.23713 0.0300000 1.00000 4.10422
2 0.824514 0.814695 0.0300000 1.00000 -0.142710
3 1.97256 1.83261 0.0300000 1.00000 2.48970
4 1.09985 0.314231 0.0300000 1.00000 0.0896124
5 1.66862 0.939107 0.0300000 1.00000 3.84678
6 2.95688 2.46001 0.0300000 1.00000 0.0311007
7 2.70755 2.50243 0.0300000 1.00000 2.92124
8 1.48089 1.05747 0.0300000 1.00000 3.11814
9 2.61701 1.67917 0.0300000 1.00000 2.50446
10 1.11130 2.31638 0.0300000 1.00000 -0.326683
49
1 1.58504 2.21251 0.0300000 1.00000 5.25372
2 0.854209 0.810428 0.0300000 1.00000 -1.20929
3 1.94872 1.85081 0.0300000 1.00000 -2.28948
4 1.12973 0.316915 0.0300000 1.00000 5.09250
5 1.64578 0.919662 0.0300000 1.00000 3.99294
6 2.98687 2.46094 0.0300000 1.00000 5.97658
7 2.67828 2.50899 0.0300000 1.00000 5.39370
8 1.45090 1.05817 0.0300000 1.00000 -4.19217
9 2.59289 1.69702 0.0300000 1.00000 -3.21388
10 1.13971 2.30675 0.0300000 1.00000 1.86261
50
1 1.60050 2.18680 0.0300000 1.00000 -0.356948
2 0.864819 0.782367 0.0300000 1.00000 -3.04078
3 1.92896 1.82823 0.0300000 1.00000 -2.12972
4 1.14086 0.289057 0.0300000 1.00000 -4.26619
5 1.62601 0.897097 0.0300000 1.00000 -5.27099
6 3.01547 2.45189 0.0300000 1.00000 0.563506
7 2.69717 2.48568 0.0300000 1.00000 -5.11199
8 1.43599 1.08421 0.0300000 1.00000 -2.22345
9 2.56297 1.69919 0.0300000 1.00000 -4.17258
10 1.13108 2.33549 0.0300000 1.00000 -0.134287
51
1 1.62861 2.17632 0.0300000 1.00000 3.16077
2 0.834972 0.779348 0.0300000 1.00000 1.45896
3 1.91306 1.80280 0.0300000 1.00000 -0.504494
4 1.12792 0.316120 0.0300000 1.00000 1.02120
5 1.64191 0.922537 0.0300000 1.00000 2.29271
6 3.04083 2.46791 0.0300000 1.00000 2.44484
7 2.70884 2.51332 0.0300000 1.00000 -2.37976
8 1.41777 1.06037 0.0300000 1.00000 2.48148
9 2.54755 1.72492 0.0300000 1.00000 3.39795
10 1.16081 2.33147 0.0300000 1.00000 -0.666259
52
1 1.59861 2.17574 0.0300000 1.00000 -2.26594
2 0.838320 0.809160 0.0300000 1.00000 -0.570671
3 1.93932 1.78830 0.0300000 1.00000 -0.523117
4 1.14359 0.341702 0.0300000 1.00000 4.07459
5 1.62208 0.945053 0.0300000 1.00000 -1.09637
6 3.01782 2.48716 0.0300000 1.00000 -4.37387
7 2.68713 2.49261 0.0300000 1.00000 -2.45740
8 1.39407 1.07877 0.0300000 1.00000 1.56347
9 2.51853 1.71732 0.0300000 1.00000 2.67245
10 1.18440 2.31293 0.0300000 1.00000 -2.03903
53
1 1.57940 2.15270 0.0300000 1.00000 -0.279232
2 0.863566 0.792954 0.0300000 1.00000 -2.37709
3 1.96531 1.77331 0.0300000 1.00000 -0.413470
4 1.12572 0.317599 0.0300000 1.00000 -4.15544
5 1.63579 0.918366 0.0300000 1.00000 1.73820
6 3.00786 2.51546 0.0300000 1.00000 -1.14513
7 2.66389 2.47365 0.0300000 1.00000 -2.46637
8 1.39429 1.10877 0.0300000 1.00000 -2.89776
9 2.49178 1.73088 0.0300000 1.00000 -1.26313
10 1.17086 2.28616 0.0300000 1.00000 -2.04158
54
1 1.60824 2.14443 0.0300000 1.00000 -0.816298
2 0.841914 0.772189 0.0300000 1.00000 1.81032
3 1.99278 1.76126 0.0300000 1.00000 0.849144
4 1.10987 0.343066 0.0300000 1.00000 -2.19437
5 1.63079 0.947947 0.0300000 1.00000 -2.59463
6 3.02025 2.48814 0.0300000 1.00000 -2.04713
7 2.64047 2.45490 0.0300000 1.00000 -1.02527
8 1.36518 1.10152 0.0300000 1.00000 -0.356760
9 2.50086 1.70229 0.0300000 1.00000 -2.91592
10 1.15725 2.25942 0.0300000 1.00000 -3.83099
55
1 1.62878 2.12258 0.0300000 1.00000 -0.941562
2 0.834797 0.801333 0.0300000 1.00000 -0.00814038
3 2.01260 1.78378 0.0300000 1.00000 -2.46469
4 1.09235 0.318712 0.0300000 1.00000 -2.53409
5 1.60517 0.932344 0.0300000 1.00000 0.0694223
6 3.00649 2.46148 0.0300000 1.00000 -2.11612
7 2.65604 2.42925 0.0300000 1.00000 -4.36049
8 1.39329 1.09105 0.0300000 1.00000 0.978288
9 2.47162 1.69557 0.0300000 1.00000 0.807146
10 1.13410 2.27850 0.0300000 1.00000 -2.22476
56
1 1.64644 2.09832 0.0300000 1.00000 -1.06036
2 0.864796 0.801088 0.0300000 1.00000 -1.48881
3 1.98921 1.76499 0.0300000 1.00000 2.16704
4 1.06771 0.301587 0.0300000 1.00000 0.371307
5 1.63509 0.934425 0.0300000 1.00000 -0.375996
6 2.99093 2.43583 0.0300000 1.00000 -0.648308
7 2.64570 2.45741 0.0300000 1.00000 0.641545
8 1.41004 1.11593 0.0300000 1.00000 -2.85099
9 2.49237 1.71724 0.0300000 1.00000 -4.69939
10 1.11585 2.25469 0.0300000 1.00000 -4.65286
57
1 1.66110 2.07215 0.0300000 1.00000 3.38973
2 0.867253 0.771189 0.0300000 1.00000 1.78030
3 1.97237 1.78981 0.0300000 1.00000 -1.28030
4 1.09567 0.312472 0.0300000 1.00000 -1.59229
5 1.66300 0.923409 0.0300000 1.00000 2.34214
6 3.01484 2.41771 0.0300000 1.00000 1.09922
7 2.66973 2.47537 0.0300000 1.00000 2.94447
8 1.38130 1.10734 0.0300000 1.00000 2.76390
9 2.49198 1.74724 0.0300000 1.00000 3.61996
10 1.11407 2.28464 0.0300000 1.00000 -1.72739
58
1 1.63202 2.06478 0.0300000 1.00000 -4.57539
2 0.861014 0.800533 0.0300000 1.00000 3.78188
3 1.98096 1.76107 0.0300000 1.00000 -3.83638
4 1.09503 0.282479 0.0300000 1.00000 -2.33867
5 1.64209 0.944918 0.0300000 1.00000 -3.93216
6 3.02847 2.44444 0.0300000 1.00000 -2.82018
7 2.64031 2.48124 0.0300000 1.00000 -5.49431
8 1.35341 1.11840 0.0300000 1.00000 -2.77222
9 2.46535 1.73343 0.0300000 1.00000 -2.80278
10 1.10939 2.25501 0.0300000 1.00000 -2.92624
59
1 1.62792 2.09450 0.0300000 1.00000 5.13837
2 0.836956 0.782610 0.0300000 1.00000 5.41171
3 1.95791 1.78027 0.0300000 1.00000 6.08313
4 1.07419 0.260897 0.0300000 1.00000 5.56459
5 1.62098 0.966241 0.0300000 1.00000 5.53200
6 3.00001 2.43496 0.0300000 1.00000 5.94112
7 2.66145 2.50253 0.0300000 1.00000 5.80983
8 1.32544 1.10757 0.0300000 1.00000 4.62449
9 2.43705 1.72346 0.0300000 1.00000 4.17577
10 1.08008 2.24860 0.0300000 1.00000 4.15578
60
1 1.64032 2.06718 0.0300000 1.00000 1.88991
2 0.856267 0.759652 0.0300000 1.00000 1.63515
3 1.98731 1.77431 0.0300000 1.00000 -3.86297
4 1.09677 0.241148 0.0300000 1.00000 -0.530706
5 1.64291 0.945765 0.0300000 1.00000 -0.531330
6 3.02827 2.42490 0.0300000 1.00000 1.63234
7 2.68815 2.48885 0.0300000 1.00000 -3.13137
8 1.32280 1.07769 0.0300000 1.00000 -0.287672
9 2.42171 1.69768 0.0300000 1.00000 0.669459
10 1.06423 2.22312 0.0300000 1.00000 -1.43112
61
1 1.63090 2.09566 0.0300000 1.00000 -0.679191
2 0.854338 0.789590 0.0300000 1.00000 1.59206
3 1.96479 1.79412 0.0300000 1.00000 -0.562647
4 1.12264 0.225963 0.0300000 1.00000 -1.69310
5 1.66877 0.930565 0.0300000 1.00000 2.05121
6 3.02643 2.45484 0.0300000 1.00000 -0.165625
7 2.65815 2.48855 0.0300000 1.00000 -1.10549
8 1.35157 1.06917 0.0300000 1.00000 2.47005
9 2.44524 1.71629 0.0300000 1.00000 0.373553
10 1.06841 2.19342 0.0300000 1.00000 3.58660
62
1 1.65425 2.07682 0.0300000 1.00000 0.642352
2 0.853700 0.819583 0.0300000 1.00000 0.799343
3 1.99016 1.77812 0.0300000 1.00000 -2.39808
4 1.11898 0.196187 0.0300000 1.00000 4.27468
5 1.65491 0.957169 0.0300000 1.00000 0.272899
6 3.05602 2.44990 0.0300000 1.00000 1.12234
7 2.67161 2.46174 0.0300000 1.00000 1.86051
8 1.32808 1.08784 0.0300000 1.00000 -3.28897
9 2.47317 1.72724 0.0300000 1.00000 0.0293131
10 1.04133 2.18050 0.0300000 1.00000 0.451853
63
1 1.67827 2.09479 0.0300000 1.00000 2.45172
2 0.874615 0.841090 0.0300000 1.00000 -0.808287
3 1.96808 1.75781 0.0300000 1.00000 3.77602
4 1.10627 0.169016 0.0300000 1.00000 -3.50408
5 1.68380 0.965255 0.0300000 1.00000 1.58344
6 3.06902 2.47693 0.0300000 1.00000 2.04625
7 2.66304 2.49049 0.0300000 1.00000 1.29227
8 1.29841 1.09225 0.0300000 1.00000 0.969472
9 2.50316 1.72812 0.0300000 1.00000 3.84511
10 1.06832 2.19360 0.0300000 1.00000 0.149841
64
1 1.65513 2.11388 0.0300000 1.00000 0.615622
2 0.895337 0.819397 0.0300000 1.00000 3.17461
3 1.94392 1.74003 0.0300000 1.00000 -0.988235
4 1.07822 0.179654 0.0300000 1.00000 2.74533
5 1.68342 0.995252 0.0300000 1.00000 5.18027
6 3.05529 2.50360 0.0300000 1.00000 -0.751556
7 2.67129 2.51933 0.0300000 1.00000 3.82570
8 1.31538 1.11698 0.0300000 1.00000 1.57759
9 2.48028 1.70871 0.0300000 1.00000 2.35730
10 1.09798 2.19808 0.0300000 1.00000 3.88457
65
1 1.67962 2.13121 0.0300000 1.00000 -3.60097
2 0.865353 0.818407 0.0300000 1.00000 -0.0114975
3 1.96042 1.71498 0.0300000 1.00000 -3.94955
4 1.05054 0.191233 0.0300000 1.00000 4.60560
5 1.69695 0.968477 0.0300000 1.00000 3.25634
6 3.07721 2.48312 0.0300000 1.00000 1.28043
7 2.64804 2.50037 0.0300000 1.00000 0.293153
8 1.31518 1.14698 0.0300000 1.00000 -2.73067
9 2.45904 1.72990 0.0300000 1.00000 -4.54355
10 1.07589 2.17779 0.0300000 1.00000 -4.56674
66
1 1.65273 2.14451 0.0300000 1.00000 1.69886
2 0.895351 0.818062 0.0300000 1.00000 -2.60764
3 1.93969 1.73667 0.0300000 1.00000 1.35546
4 1.04734 0.161404 0.0300000 1.00000 3.60615
5 1.66715 0.965042 0.0300000 1.00000 6.04334
6 3.08580 2.51186 0.0300000 1.00000 -0.979278
7 2.67676 2.50904 0.0300000 1.00000 0.852839
8 1.28768 1.13500 0.0300000 1.00000 2.42346
9 2.45400 1.75948 0.0300000 1.00000 1.30800
10 1.07153 2.20747 0.0300000 1.00000 2.26960
67
1 1.64890 2.17426 0.0300000 1.00000 -1.04635
2 0.869527 0.802794 0.0300000 1.00000 2.84604
3 1.94610 1.76597 0.0300000 1.00000 -0.0648196
4 1.02052 0.147963 0.0300000 1.00000 4.51593
5 1.69629 0.957915 0.0300000 1.00000 2.90752
6 0.00252766 2.48696 0.0300000 1.00000 1.91683
7 2.69650 2.53163 0.0300000 1.00000 -1.35001
8 1.26508 1.15474 0.0300000 1.00000 0.742589
9 2.46180 1.78845 0.0300000 1.00000 0.866513
10 1.05223 2.23044 0.0300000 1.00000 1.22674
68
1 1.66392 2.14830 0.0300000 1.00000 -1.44852
2 0.840828 0.811532 0.0300000 1.00000 -0.0847200
3 1.97604 1.76403 0.0300000 1.00000 -0.433706
4 1.01467 0.118540 0.0300000 1.00000 3.02101
5 1.66710 0.964874 0.0300000 1.00000 3.38507
6 3.09235 2.51518 0.0300000 1.00000 2.72750
7 2.70307 2.50236 0.0300000 1.00000 -1.64281
8 1.28719 1.17502 0.0300000 1.00000 -0.533887
9 2.48122 1.81131 0.0300000 1.00000 0.757586
10 1.06235 2.25868 0.0300000 1.00000 -1.91068
69
1 1.66758 2.11852 0.0300000 1.00000 -1.69458
2 0.870721 0.808993 0.0300000 1.00000 -3.24715
3 2.00326 1.75142 0.0300000 1.00000 -0.0209498
4 0.984885 0.122149 0.0300000 1.00000 1.12642
5 1.63799 0.957641 0.0300000 1.00000 1.98264
6 3.06489 2.52725 0.0300000 1.00000 -3.36727
7 2.70091 2.47244 0.0300000 1.00000 -3.62864
8 1.31301 1.15976 0.0300000 1.00000 -2.98245
9 2.50302 1.83192 0.0300000 1.00000 0.191862
10 1.05235 2.23039 0.0300000 1.00000 -2.93923
70
1 1.66387 2.08875 0.0300000 1.00000 -1.75936
2 0.840888 0.812154 0.0300000 1.00000 0.539034
3 2.03326 1.75080 0.0300000 1.00000 2.40322
4 0.997782 0.149235 0.0300000 1.00000 3.13341
5 1.62598 0.985133 0.0300000 1.00000 -0.688306
6 3.03565 2.53397 0.0300000 1.00000 -4.63877
7 2.67440 2.48648 0.0300000 1.00000 -4.37206
8 1.28339 1.15500 0.0300000 1.00000 1.99121
9 2.53246 1.83765 0.0300000 1.00000 2.72933
10 1.02296 2.22436 0.0300000 1.00000 -1.97584
71
1 1.65825 2.05928 0.0300000 1.00000 5.43169
2 0.866634 0.827553 0.0300000 1.00000 1.86481
3 2.01107 1.77099 0.0300000 1.00000 -0.0931823
4 0.967783 0.149481 0.0300000 1.00000 0.0713057
5 1.64915 0.966076 0.0300000 1.00000 0.0332990
6 3.03344 2.56388 0.0300000 1.00000 3.38513
7 2.66438 2.51476 0.0300000 1.00000 3.37796
8 1.27115 1.18239 0.0300000 1.00000 0.657350
9 2.50498 1.84967 0.0300000 1.00000 2.43092
10 1.01114 2.19679 0.0300000 1.00000 -5.92209
72
1 1.67802 2.03671 0.0300000 1.00000 2.66361
2 0.857940 0.856266 0.0300000 1.00000 -0.918921
3 2.04094 1.76820 0.0300000 1.00000 1.65204
4 0.997706 0.151618 0.0300000 1.00000 -2.49032
5 1.67913 0.967075 0.0300000 1.00000 0.231180
6 3.00433 2.55665 0.0300000 1.00000 -5.12647
7 2.63522 2.50774 0.0300000 1.00000 -4.91816
8 1.29489 1.20072 0.0300000 1.00000 -1.57012
9 2.48224 1.86924 0.0300000 1.00000 0.206848
10 1.03921 2.20739 0.0300000 1.00000 -1.85152
73
1 1.65138 2.05051 0.0300000 1.00000 2.34763
2 0.876140 0.832418 0.0300000 1.00000 -2.99217
3 2.03850 1.79810 0.0300000 1.00000 3.45189
4 0.973847 0.133432 0.0300000 1.00000 -3.95599
5 1.70834 0.973948 0.0300000 1.00000 2.28277
6 3.01640 2.58411 0.0300000 1.00000 1.91595
7 2.64135 2.53710 0.0300000 1.00000 -0.887948
8 1.29491 1.17072 0.0300000 1.00000 -1.46766
9 2.51160 1.87540 0.0300000 1.00000 2.38051
10 1.03090 2.17857 0.0300000 1.00000 4.42487
74
1 1.63035 2.07191 0.0300000 1.00000 3.01235
2 0.846474 0.827952 0.0300000 1.00000 1.80786
3 2.00994 1.78894 0.0300000 1.00000 -0.0622776
4 0.953258 0.155251 0.0300000 1.00000 3.99219
5 1.68874 0.996661 0.0300000 1.00000 3.32016
6 3.00625 2.61235 0.0300000 1.00000 0.452845
7 2.66028 2.51383 0.0300000 1.00000 1.12744
8 1.29800 1.14088 0.0300000 1.00000 4.74533
9 2.48988 1.89609 0.0300000 1.00000 4.49415
10 1.02239 2.14980 0.0300000 1.00000 -1.00192
75
1 1.60060 2.07577 0.0300000 1.00000 -1.06593
2 0.839429 0.857113 0.0300000 1.00000 -3.99443
3 2.03988 1.78707 0.0300000 1.00000 -1.89620
4 0.933472 0.132701 0.0300000 1.00000 -4.92970
5 1.65921 0.991332 0.0300000 1.00000 -3.45025
6 3.03322 2.62547 0.0300000 1.00000 0.238679
7 2.67315 2.54093 0.0300000 1.00000 -1.83111
8 1.29899 1.11090 0.0300000 1.00000 -0.690254
9 2.48338 1.86680 0.0300000 1.00000 -0.439998
10 1.03855 2.12452 0.0300000 1.00000 -0.499193
76
1 1.61511 2.04952 0.0300000 1.00000 0.819086
2 0.819694 0.879707 0.0300000 1.00000 4.19123
3 2.03029 1.75864 0.0300000 1.00000 0.658892
4 0.939940 0.161996 0.0300000 1.00000 4.92901
5 1.63063 1.00045 0.0300000 1.00000 0.128346
6 3.06237 2.63256 0.0300000 1.00000 -3.60786
7 2.66543 2.51194 0.0300000 1.00000 -0.363961
8 1.32212 1.09180 0.0300000 1.00000 1.64513
9 2.51053 1.85402 0.0300000 1.00000 0.527081
10 1.06489 2.11016 0.0300000 1.00000 -2.62832
77
1 1.63560 2.07143 0.0300000 1.00000 -1.77816
2 0.804757 0.853690 0.0300000 1.00000 2.90382
3 2.05401 1.77701 0.0300000 1.00000 1.73402
4 0.946388 0.132697 0.0300000 1.00000 1.22674
5 1.66038 1.00429 0.0300000 1.00000 -1.03300
6 3.03558 2.64605 0.0300000 1.00000 3.84100
7 2.69346 2.50126 0.0300000 1.00000 -1.25816
8 1.31990 1.12171 0.0300000 1.00000 0.643759
9 2.53645 1.86911 0.0300000 1.00000 3.18401
10 1.03875 2.09543 0.0300000 1.00000 3.29790
78
1 1.62942 2.04207 0.0300000 1.00000 -5.46680
2 0.775601 0.860756 0.0300000 1.00000 4.25445
3 2.04913 1.80661 0.0300000 1.00000 -3.71688
4 0.956507 0.160939 0.0300000 1.00000 -1.22472
5 1.67575 0.978520 0.0300000 1.00000 1.89191
6 3.01262 2.62674 0.0300000 1.00000 -4.90205
7 2.70269 2.47271 0.0300000 1.00000 -0.938572
8 1.34389 1.13972 0.0300000 1.00000 -0.188819
9 2.50648 1.86784 0.0300000 1.00000 -3.04507
10 1.00912 2.09076 0.0300000 1.00000 -4.72364
79
1 1.64997 2.06393 0.0300000 1.00000 1.06374
2 0.762338 0.833847 0.0300000 1.00000 -0.746583
3 2.02396 1.82294 0.0300000 1.00000 -1.50204
4 0.966683 0.132717 0.0300000 1.00000 1.95903
5 1.66628 1.00699 0.0300000 1.00000 5.44199
6 3.01827 2.65620 0.0300000 1.00000 3.88530
7 2.72042 2.44851 0.0300000 1.00000 -1.32766
8 1.37336 1.13409 0.0300000 1.00000 0.143746
9 2.47662 1.86495 0.0300000 1.00000 3.88277
10 1.00946 2.12076 0.0300000 1.00000 -1.82447
80
1 1.66453 2.09016 0.0300000 1.00000 -2.99855
2 0.784358 0.813473 0.0300000 1.00000 -0.261054
3 2.02602 1.79301 0.0300000 1.00000 -1.14434
4 0.955327 0.160485 0.0300000 1.00000 -1.04585
5 1.68628 0.984623 0.0300000 1.00000 -0.238184
6 2.99620 2.63589 0.0300000 1.00000 -1.59921
7 2.72764 2.41940 0.0300000 1.00000 1.07119
8 1.40305 1.13839 0.0300000 1.00000 -1.64290
9 2.45449 1.84469 0.0300000 1.00000 -1.62025
10 1.00193 2.09172 0.0300000 1.00000 0.493540
81
1 1.63484 2.08588 0.0300000 1.00000 0.0911667
2 0.813342 0.805730 0.0300000 1.00000 1.60724
3 2.03843 1.76569 0.0300000 1.00000 0.927937
4 0.970362 0.134524 0.0300000 1.00000 -3.17689
5 1.71543 0.977545 0.0300000 1.00000 -3.28188
6 2.99534 2.60590 0.0300000 1.00000 -0.803155
7 2.74201 2.44573 0.0300000 1.00000 -4.05177
8 1.40089 1.10846 0.0300000 1.00000 -0.909543
9 2.45301 1.81473 0.0300000 1.00000 1.01099
10 1.02835 2.10593 0.0300000 1.00000 -2.85780
82
1 1.66472 2.08861 0.0300000 1.00000 2.55042
2 0.812249 0.835710 0.0300000 1.00000 0.474058
3 2.05642 1.78970 0.0300000 1.00000 1.97952
4 0.940380 0.135583 0.0300000 1.00000 3.92585
5 1.68573 0.981740 0.0300000 1.00000 -1.18201
6 3.01618 2.58431 0.0300000 1.00000 2.91676
7 2.72360 2.46942 0.0300000 1.00000 1.07103
8 1.41931 1.08479 0.0300000 1.00000 3.82780
9 2.46894 1.84015 0.0300000 1.00000 0.471859
10 0.999549 2.09753 0.0300000 1.00000 -1.93511
83
1 1.63981 2.10533 0.0300000 1.00000 3.68729
2 0.838941 0.849405 0.0300000 1.00000 -2.37888
3 2.04449 1.81723 0.0300000 1.00000 0.801561
4 0.919143 0.114394 0.0300000 1.00000 -3.87827
5 1.69710 0.953979 0.0300000 1.00000 -3.30673
6 2.98693 2.59100 0.0300000 1.00000 2.15303
7 2.73798 2.49575 0.0300000 1.00000 0.225126
8 1.39610 1.06578 0.0300000 1.00000 5.89215
9 2.49566 1.85379 0.0300000 1.00000 5.12012
10 0.988860 2.06950 0.0300000 1.00000 -0.467933
84
1 1.61416 2.08976 0.0300000 1.00000 1.15660
2 0.817252 0.828679 0.0300000 1.00000 1.37742
3 2.06536 1.83879 0.0300000 1.00000 0.642245
4 0.896922 0.134549 0.0300000 1.00000 2.61350
5 1.66751 0.958911 0.0300000 1.00000 -2.47225
6 2.97044 2.61606 0.0300000 1.00000 -2.15427
7 2.76722 2.50244 0.0300000 1.00000 0.0999441
8 1.42384 1.05434 0.0300000 1.00000 -1.98015
9 2.50756 1.82625 0.0300000 1.00000 1.42742
10 1.01563 2.05597 0.0300000 1.00000 -2.17977
85
1 1.62624 2.11723 0.0300000 1.00000 1.59551
2 0.823017 0.858119 0.0300000 1.00000 -5.24707
3 2.08938 1.85676 0.0300000 1.00000 0.971285
4 0.871009 0.149665 0.0300000 1.00000 -1.99996
5 1.64398 0.940296 0.0300000 1.00000 4.83013
6 2.95391 2.59102 0.0300000 1.00000 0.191603
7 2.79707 2.50544 0.0300000 1.00000 3.06812
8 1.41190 1.02682 0.0300000 1.00000 4.48798
9 2.51184 1.85594 0.0300000 1.00000 -1.69599
10 0.998474 2.03136 0.0300000 1.00000 1.16971
86
1 1.62550 2.14722 0.0300000 1.00000 0.668179
2 0.838304 0.883932 0.0300000 1.00000 1.52159
3 2.10631 1.88153 0.0300000 1.00000 1.76732
4 0.858525 0.122386 0.0300000 1.00000 -3.22019
5 1.64750 0.910504 0.0300000 1.00000 -3.28498
6 2.98336 2.59674 0.0300000 1.00000 -1.60258
7 2.76715 2.50764 0.0300000 1.00000 1.54225
8 1.40522 0.997575 0.0300000 1.00000 -3.60255
9 2.50810 1.82617 0.0300000 1.00000 0.707353
10 1.01019 2.05898 0.0300000 1.00000 1.10762
87
1 1.64904 2.16580 0.0300000 1.00000 -0.767397
2 0.839779 0.913896 0.0300000 1.00000 2.57285
3 2.10045 1.91095 0.0300000 1.00000 0.388065
4 0.828618 0.124742 0.0300000 1.00000 3.45793
5 1.61781 0.914791 0.0300000 1.00000 1.95059
6 2.98240 2.56675 0.0300000 1.00000 3.28999
7 2.76801 2.53763 0.0300000 1.00000 2.29894
8 1.37835 1.01092 0.0300000 1.00000 -0.445357
9 2.53090 1.84567 0.0300000 1.00000 2.32629
10 1.02359 2.08582 0.0300000 1.00000 3.37974
88
1 1.67064 2.14498 0.0300000 1.00000 1.40716
2 0.814502 0.930053 0.0300000 1.00000 1.72657
3 2.12822 1.92230 0.0300000 1.00000 0.942968
4 0.800107 0.115409 0.0300000 1.00000 1.41104
5 1.60669 0.942653 0.0300000 1.00000 2.72057
6 2.95273 2.56232 0.0300000 1.00000 -0.112851
7 2.74805 2.56002 0.0300000 1.00000 1.99495
8 1.40542 0.997995 0.0300000 1.00000 5.07719
9 2.51033 1.86751 0.0300000 1.00000 0.842984
10 0.994437 2.07874 0.0300000 1.00000 -1.84319
89
1 1.67552 2.17458 0.0300000 1.00000 -1.65487
2 0.809848 0.959690 0.0300000 1.00000 4.42193
3 2.14585 1.94658 0.0300000 1.00000 0.838984
4 0.804879 0.145027 0.0300000 1.00000 1.09871
5 1.57931 0.954914 0.0300000 1.00000 -0.841019
6 2.98254 2.55894 0.0300000 1.00000 -0.172103
7 2.73570 2.58736 0.0300000 1.00000 3.03103
8 1.41613 0.969970 0.0300000 1.00000 2.01225
9 2.53029 1.88991 0.0300000 1.00000 2.12487
10 0.986366 2.04985 0.0300000 1.00000 1.85839
90
1 1.67300 2.14468 0.0300000 1.00000 4.63059
2 0.801256 0.930947 0.0300000 1.00000 -1.58956
3 2.16589 1.96890 0.0300000 1.00000 -1.15959
4 0.818521 0.171745 0.0300000 1.00000 3.95408
5 1.59931 0.932554 0.0300000 1.00000 0.986524
6 3.01210 2.55380 0.0300000 1.00000 1.32098
7 2.70588 2.59067 0.0300000 1.00000 -1.08562
8 1.40331 0.997094 0.0300000 1.00000 3.89092
9 2.51450 1.91542 0.0300000 1.00000 0.732603
10 0.977856 2.07862 0.0300000 1.00000 2.71073
91
1 1.67055 2.11478 0.0300000 1.00000 0.202243
2 0.800693 0.900952 0.0300000 1.00000 -0.431967
3 2.17788 1.94140 0.0300000 1.00000 -2.11131
4 0.797891 0.149965 0.0300000 1.00000 -2.85471
5 1.61586 0.957578 0.0300000 1.00000 -2.15238
6 3.01952 2.58287 0.0300000 1.00000 -1.06186
7 2.71987 2.56413 0.0300000 1.00000 1.96952
8 1.38135 0.976659 0.0300000 1.00000 -3.27251
9 2.53680 1.93548 0.0300000 1.00000 -0.436472
10 0.950598 2.09115 0.0300000 1.00000 0.244432
92
1 1.69994 2.12081 0.0300000 1.00000 -1.74599
2 0.827937 0.888392 0.0300000 1.00000 -2.11589
3 2.16245 1.91568 0.0300000 1.00000 -0.566792
4 0.769117 0.141477 0.0300000 1.00000 -4.13867
5 1.59938 0.932510 0.0300000 1.00000 -2.73582
6 3.03413 2.55667 0.0300000 1.00000 -1.18679
7 2.70823 2.59178 0.0300000 1.00000 -1.06071
8 1.35160 0.980575 0.0300000 1.00000 -4.49658
9 2.56399 1.92280 0.0300000 1.00000 -3.48409
10 0.979707 2.09841 0.0300000 1.00000 0.203172
93
1 1.69471 2.09127 0.0300000 1.00000 -3.99548
2 0.812383 0.862740 0.0300000 1.00000 6.00523
3 2.18775 1.89957 0.0300000 1.00000 -3.27571
4 0.752834 0.166673 0.0300000 1.00000 2.44723
5 1.57181 0.920668 0.0300000 1.00000 0.574056
6 3.04537 2.52886 0.0300000 1.00000 -2.81860
7 2.72287 2.56560 0.0300000 1.00000 -1.67635
8 1.34518 1.00988 0.0300000 1.00000 5.90687
9 2.53573 1.93287 0.0300000 1.00000 -3.07937
10 1.00909 2.10446 0.0300000 1.00000 0.107266
94
1 1.67500 2.11388 0.0300000 1.00000 -2.98516
2 0.841231 0.854508 0.0300000 1.00000 0.723649
3 2.15802 1.90358 0.0300000 1.00000 -4.54833
4 0.729780 0.185870 0.0300000 1.00000 -0.402886
5 1.59701 0.936959 0.0300000 1.00000 -0.871271
6 3.01693 2.51933 0.0300000 1.00000 -2.55562
7 2.71971 2.53577 0.0300000 1.00000 -0.333617
8 1.37308 0.998855 0.0300000 1.00000 2.89030
9 2.50579 1.93101 0.0300000 1.00000 -6.05383
10 1.03892 2.10767 0.0300000 1.00000 0.713186
95
1 1.64537 2.10921 0.0300000 1.00000 3.11185
2 0.863713 0.874372 0.0300000 1.00000 1.29466
3 2.15312 1.93318 0.0300000 1.00000 -0.906807
4 0.757378 0.174108 0.0300000 1.00000 -0.493649
5 1.61632 0.914005 0.0300000 1.00000 2.23868
6 2.99193 2.50274 0.0300000 1.00000 1.28190
7 2.74806 2.52594 0.0300000 1.00000 -0.507316
8 1.34402 1.00631 0.0300000 1.00000 0.343497
9 2.53501 1.93783 0.0300000 1.00000 1.02579
10 1.06161 2.12730 0.0300000 1.00000 -1.29788
96
1 1.61538 2.11010 0.0300000 1.00000 -2.53854
2 0.871892 0.903235 0.0300000 1.00000 0.333453
3 2.17161 1.90955 0.0300000 1.00000 0.335482
4 0.783796 0.159892 0.0300000 1.00000 2.41619
5 1.59774 0.937559 0.0300000 1.00000 -0.532711
6 3.00048 2.53150 0.0300000 1.00000 0.456788
7 2.77428 2.51137 0.0300000 1.00000 -3.14752
8 1.37227 1.01642 0.0300000 1.00000 -1.73862
9 2.55056 1.96348 0.0300000 1.00000 -2.46324
10 1.06969 2.09841 0.0300000 1.00000 -0.139201
97
1 1.59067 2.09309 0.0300000 1.00000 -1.46623
2 0.900240 0.913054 0.0300000 1.00000 -3.62415
3 2.19994 1.91943 0.0300000 1.00000 -1.98718
4 0.761349 0.179796 0.0300000 1.00000 0.194375
5 1.62358 0.922323 0.0300000 1.00000 -0.259825
6 3.02740 2.54473 0.0300000 1.00000 0.857768
7 2.74428 2.51155 0.0300000 1.00000 0.117814
8 1.36726 0.986839 0.0300000 1.00000 1.81389
9 2.52720 1.94466 0.0300000 1.00000 1.80760
10 1.09940 2.09425 0.0300000 1.00000 1.47704
98
1 1.59380 2.06325 0.0300000 1.00000 3.07927
2 0.873665 0.926976 0.0300000 1.00000 2.89122
3 2.18781 1.89199 0.0300000 1.00000 -0.727996
4 0.790784 0.185590 0.0300000 1.00000 1.66040
5 1.65258 0.914615 0.0300000 1.00000 2.43224
6 3.04703 2.56742 0.0300000 1.00000 0.203727
7 2.77407 2.51507 0.0300000 1.00000 3.42459
8 1.36004 1.01596 0.0300000 1.00000 0.458018
9 2.52016 1.97382 0.0300000 1.00000 3.48740
10 1.10221 2.12411 0.0300000 1.00000 -0.672630
99
1 1.56386 2.06512 0.0300000 1.00000 4.06670
2 0.844601 0.934409 0.0300000 1.00000 4.34794
3 2.21020 1.87203 0.0300000 1.00000 -4.58055
4 0.788100 0.215470 0.0300000 1.00000 2.77378
5 1.62981 0.934156 0.0300000 1.00000 -0.514018
6 3.07640 2.57349 0.0300000 1.00000 -0.000230641
7 2.74527 2.50669 0.0300000 1.00000 0.827379
8 1.38694 1.02922 0.0300000 1.00000 1.65172
9 2.49194 1.96365 0.0300000 1.00000 0.911773
10 1.12568 2.10542 0.0300000 1.00000 0.837389
