0
1 0.389213 1.59433 0.0300000 1.00000 1.82627
2 2.43109 2.79611 0.0300000 1.00000 -1.70823
3 0.227736 0.416808 0.0300000 1.00000 1.18982
4 1.82355 2.26701 0.0300000 1.00000 -3.73645
5 2.19429 2.07806 0.0300000 1.00000 -1.63006
6 1.49840 2.14579 0.0300000 1.00000 -3.21340
7 2.01600 2.78515 0.0300000 1.00000 -4.52160
8 1.37096 0.346759 0.0300000 1.00000 4.23406
9 0.741580 2.05182 0.0300000 1.00000 3.58379
10 0.550333 0.168602 0.0300000 1.00000 -0.965191
11 2.06807 1.27826 0.0300000 1.00000 -1.40558
12 0.566898 1.04741 0.0300000 1.00000 1.48840
13 2.36066 2.53337 0.0300000 1.00000 -0.808156
14 1.51320 2.05584 0.0300000 1.00000 -5.33831
15 0.460464 2.62222 0.0300000 1.00000 -2.23014
16 1.47621 1.46255 0.0300000 1.00000 -0.279197
17 2.95495 2.29880 0.0300000 1.00000 1.09019
18 2.73393 2.29713 0.0300000 1.00000 0.958837
19 1.88015 0.204932 0.0300000 1.00000 1.90769
20 2.61264 0.944334 0.0300000 1.00000 -0.0110697
1
1 0.381632 1.62336 0.0300000 1.00000 3.67973
2 2.42698 2.76639 0.0300000 1.00000 1.57138
3 0.238891 0.444657 0.0300000 1.00000 -0.122012
4 1.79870 2.28382 0.0300000 1.00000 3.01997
5 2.19251 2.04812 0.0300000 1.00000 -0.0569179
6 1.46848 2.14794 0.0300000 1.00000 1.74109
7 2.01031 2.81461 0.0300000 1.00000 1.46287
8 1.35715 0.320126 0.0300000 1.00000 0.361729
9 0.714466 2.03898 0.0300000 1.00000 1.14147
10 0.567411 0.143937 0.0300000 1.00000 1.79321
11 2.07300 1.24867 0.0300000 1.00000 -1.94924
12 0.569367 1.07731 0.0300000 1.00000 4.68370
13 2.38139 2.51168 0.0300000 1.00000 2.56940
14 1.53078 2.08016 0.0300000 1.00000 -0.399411
15 0.442086 2.59851 0.0300000 1.00000 1.88270
16 1.50505 1.45428 0.0300000 1.00000 1.84433
17 2.96882 2.32540 0.0300000 1.00000 -1.86748
18 2.75116 2.32168 0.0300000 1.00000 1.18961
19 1.87024 0.233245 0.0300000 1.00000 0.838057
20 2.64264 0.944002 0.0300000 1.00000 -1.27406
2
1 0.355872 1.60798 0.0300000 1.00000 -0.650754
2 2.42697 2.79639 0.0300000 1.00000 0.726878
3 0.268668 0.441006 0.0300000 1.00000 -0.426974
4 1.76893 2.28746 0.0300000 1.00000 -0.819530
5 2.22246 2.04641 0.0300000 1.00000 1.91663
6 1.46339 2.17751 0.0300000 1.00000 2.49242
7 2.01355 2.84443 0.0300000 1.00000 3.52446
8 1.38521 0.330743 0.0300000 1.00000 -2.14765
9 0.726954 2.06626 0.0300000 1.00000 0.403598
10 0.560794 0.173198 0.0300000 1.00000 0.336445
11 2.06192 1.22079 0.0300000 1.00000 -0.317279
12 0.568507 1.04732 0.0300000 1.00000 1.89135
13 2.35616 2.52793 0.0300000 1.00000 0.359408
14 1.55842 2.06849 0.0300000 1.00000 -0.408864
15 0.432880 2.62706 0.0300000 1.00000 3.75599
16 1.49694 1.48316 0.0300000 1.00000 -0.252764
17 2.96005 2.29671 0.0300000 1.00000 3.05434
18 2.76232 2.34953 0.0300000 1.00000 0.678006
19 1.89030 0.255545 0.0300000 1.00000 -2.04145
20 2.65141 0.915313 0.0300000 1.00000 1.07233
3
1 0.379741 1.58981 0.0300000 1.00000 -0.495385
2 2.44938 2.81633 0.0300000 1.00000 3.13501
3 0.295974 0.428582 0.0300000 1.00000 0.771401
4 1.78940 2.26554 0.0300000 1.00000 0.147774
5 2.21229 2.07463 0.0300000 1.00000 2.74181
6 1.43950 2.19564 0.0300000 1.00000 -1.91296
7 1.98572 2.83323 0.0300000 1.00000 1.51722
8 1.36885 0.305597 0.0300000 1.00000 -0.551666
9 0.754543 2.07804 0.0300000 1.00000 -1.09590
10 0.589112 0.183102 0.0300000 1.00000 -3.15563
11 2.09042 1.21143 0.0300000 1.00000 2.44658
12 0.559054 1.07579 0.0300000 1.00000 2.15187
13 2.38425 2.53848 0.0300000 1.00000 -2.18994
14 1.58594 2.05656 0.0300000 1.00000 -1.29957
15 0.408366 2.60977 0.0300000 1.00000 0.812097
16 1.52599 1.47566 0.0300000 1.00000 2.94451
17 2.93017 2.29932 0.0300000 1.00000 -1.49406
18 2.78569 2.36835 0.0300000 1.00000 -0.485784
19 1.87670 0.228807 0.0300000 1.00000 1.28057
20 2.66575 0.941663 0.0300000 1.00000 -1.31839
4
1 0.406134 1.57554 0.0300000 1.00000 1.84489
2 2.41938 2.81652 0.0300000 1.00000 -1.68173
3 0.317482 0.449496 0.0300000 1.00000 3.79449
4 1.81908 2.26995 0.0300000 1.00000 -1.60114
5 2.18466 2.08631 0.0300000 1.00000 -2.74164
6 1.42943 2.16738 0.0300000 1.00000 -4.05113
7 1.98732 2.86318 0.0300000 1.00000 -1.27849
8 1.39440 0.289874 0.0300000 1.00000 -0.950186
9 0.768261 2.05136 0.0300000 1.00000 -1.41613
10 0.559115 0.183523 0.0300000 1.00000 3.53550
11 2.06738 1.23064 0.0300000 1.00000 -2.29853
12 0.542586 1.10087 0.0300000 1.00000 -1.16009
13 2.36684 2.51405 0.0300000 1.00000 0.369604
14 1.59398 2.02766 0.0300000 1.00000 0.0628786
15 0.429005 2.63154 0.0300000 1.00000 -2.68646
16 1.49657 1.48154 0.0300000 1.00000 -0.108864
17 2.93247 2.26941 0.0300000 1.00000 -2.18345
18 2.81222 2.35434 0.0300000 1.00000 -4.09766
19 1.88528 0.257553 0.0300000 1.00000 0.540183
20 2.67324 0.912613 0.0300000 1.00000 0.750737
5
1 0.398014 1.60442 0.0300000 1.00000 -3.26913
2 2.41606 2.78671 0.0300000 1.00000 -4.48057
3 0.293653 0.431272 0.0300000 1.00000 -3.25189
4 1.81817 2.23997 0.0300000 1.00000 -0.774365
5 2.15703 2.07463 0.0300000 1.00000 -4.45761
6 1.41101 2.19106 0.0300000 1.00000 0.421813
7 1.99597 2.83446 0.0300000 1.00000 -2.54132
8 1.41184 0.265468 0.0300000 1.00000 -3.92108
9 0.772882 2.02172 0.0300000 1.00000 -2.48447
10 0.531412 0.172009 0.0300000 1.00000 -0.216050
11 2.04742 1.20824 0.0300000 1.00000 -0.256395
12 0.554564 1.07336 0.0300000 1.00000 -2.53817
13 2.39481 2.52488 0.0300000 1.00000 -0.225120
14 1.62392 2.02954 0.0300000 1.00000 -1.67394
15 0.402059 2.61835 0.0300000 1.00000 -0.173525
16 1.52639 1.47828 0.0300000 1.00000 1.07791
17 2.91522 2.24487 0.0300000 1.00000 -3.03955
18 2.79491 2.37885 0.0300000 1.00000 -0.189987
19 1.91101 0.272981 0.0300000 1.00000 0.167114
20 2.69518 0.933079 0.0300000 1.00000 -0.300935
6
1 0.368258 1.60824 0.0300000 1.00000 1.26442
2 2.40917 2.81591 0.0300000 1.00000 -2.42531
3 0.263835 0.434574 0.0300000 1.00000 -5.26897
4 1.83961 2.21899 0.0300000 1.00000 0.822097
5 2.14947 2.10366 0.0300000 1.00000 3.00249
6 1.43838 2.20334 0.0300000 1.00000 0.208412
7 1.97121 2.81751 0.0300000 1.00000 2.21106
8 1.39050 0.286556 0.0300000 1.00000 -0.756704
9 0.749129 2.00339 0.0300000 1.00000 -2.49516
10 0.560715 0.165578 0.0300000 1.00000 -2.59482
11 2.07644 1.20064 0.0300000 1.00000 -0.0581872
12 0.529862 1.05634 0.0300000 1.00000 -2.31205
13 2.42406 2.51819 0.0300000 1.00000 -3.02012
14 1.62083 1.99970 0.0300000 1.00000 0.702099
15 0.431609 2.61317 0.0300000 1.00000 1.17478
16 1.54059 1.50471 0.0300000 1.00000 1.38320
17 2.88537 2.24181 0.0300000 1.00000 -0.153332
18 2.82437 2.37318 0.0300000 1.00000 2.27316
19 1.94059 0.277972 0.0300000 1.00000 -2.01119
20 2.72383 0.924186 0.0300000 1.00000 -0.947634
7
1 0.377306 1.63684 0.0300000 1.00000 -0.410618
2 2.38654 2.79621 0.0300000 1.00000 1.87389
3 0.279683 0.460046 0.0300000 1.00000 -4.51477
4 1.86003 2.24097 0.0300000 1.00000 -0.497245
5 2.11976 2.10782 0.0300000 1.00000 4.13665
6 1.46773 2.20955 0.0300000 1.00000 0.910299
7 1.95329 2.84157 0.0300000 1.00000 0.473216
8 1.41232 0.265960 0.0300000 1.00000 -1.95617
9 0.725182 1.98532 0.0300000 1.00000 -0.658265
10 0.535089 0.149980 0.0300000 1.00000 -5.85859
11 2.10639 1.19889 0.0300000 1.00000 1.46804
12 0.509606 1.03421 0.0300000 1.00000 3.92602
13 2.39428 2.51455 0.0300000 1.00000 -0.122201
14 1.64374 2.01908 0.0300000 1.00000 0.407095
15 0.443181 2.64085 0.0300000 1.00000 3.64457
16 1.54618 1.53418 0.0300000 1.00000 1.75385
17 2.91502 2.23723 0.0300000 1.00000 4.47927
18 2.80499 2.39608 0.0300000 1.00000 2.94997
19 1.92780 0.250834 0.0300000 1.00000 1.74835
20 2.74134 0.899825 0.0300000 1.00000 -3.10943
8
1 0.404812 1.62487 0.0300000 1.00000 -2.62184
2 2.37759 2.82484 0.0300000 1.00000 -0.0890937
3 0.273793 0.489462 0.0300000 1.00000 3.54916
4 1.88640 2.22666 0.0300000 1.00000 -1.88925
5 2.10342 2.08266 0.0300000 1.00000 0.624404
6 1.48613 2.23324 0.0300000 1.00000 1.08781
7 1.97999 2.85524 0.0300000 1.00000 2.21741
8 1.40104 0.238160 0.0300000 1.00000 2.88097
9 0.748914 1.96697 0.0300000 1.00000 -1.42852
10 0.562425 0.162338 0.0300000 1.00000 1.18441
11 2.10947 1.22873 0.0300000 1.00000 -0.732694
12 0.488372 1.01302 0.0300000 1.00000 -2.55204
13 2.42405 2.51090 0.0300000 1.00000 2.34189
14 1.67129 2.03096 0.0300000 1.00000 0.368171
15 0.416897 2.62639 0.0300000 1.00000 -2.93731
16 1.54072 1.56368 0.0300000 1.00000 0.572355
17 2.90809 2.20804 0.0300000 1.00000 1.33631
18 2.77554 2.40180 0.0300000 1.00000 1.47805
19 1.92251 0.280362 0.0300000 1.00000 2.86221
20 2.71136 0.898860 0.0300000 1.00000 0.211402
9
1 0.378774 1.60997 0.0300000 1.00000 0.712095
2 2.40747 2.82217 0.0300000 1.00000 3.51396
3 0.246251 0.477570 0.0300000 1.00000 -4.83211
4 1.87701 2.19817 0.0300000 1.00000 0.875303
5 2.12776 2.10020 0.0300000 1.00000 3.36604
6 1.50007 2.25981 0.0300000 1.00000 -0.268901
7 1.96192 2.87918 0.0300000 1.00000 2.32930
8 1.37205 0.245891 0.0300000 1.00000 -2.45354
9 0.753168 1.93728 0.0300000 1.00000 1.35415
10 0.573730 0.190127 0.0300000 1.00000 -1.51137
11 2.13177 1.20867 0.0300000 1.00000 -0.217332
12 0.463436 0.996337 0.0300000 1.00000 -5.71415
13 2.40314 2.53241 0.0300000 1.00000 -0.794889
14 1.69928 2.04175 0.0300000 1.00000 4.20629
15 0.387520 2.62031 0.0300000 1.00000 -2.47515
16 1.56594 1.57993 0.0300000 1.00000 -0.785932
17 2.91506 2.23722 0.0300000 1.00000 2.71086
18 2.77832 2.43167 0.0300000 1.00000 0.384263
19 1.89367 0.288635 0.0300000 1.00000 -4.39084
20 2.74069 0.905155 0.0300000 1.00000 -0.526575
10
1 0.401484 1.62957 0.0300000 1.00000 2.16245
2 2.37952 2.81126 0.0300000 1.00000 -0.462369
3 0.249834 0.507356 0.0300000 1.00000 0.997159
4 1.89623 2.22120 0.0300000 1.00000 -1.49184
5 2.09851 2.09352 0.0300000 1.00000 -1.24323
6 1.52899 2.25184 0.0300000 1.00000 -2.02783
7 1.94128 2.90096 0.0300000 1.00000 -1.15945
8 1.34888 0.226840 0.0300000 1.00000 -0.557312
9 0.759617 1.96657 0.0300000 1.00000 -0.640408
10 0.575512 0.160180 0.0300000 1.00000 -2.04074
11 2.16106 1.20220 0.0300000 1.00000 -2.63810
12 0.488709 1.01250 0.0300000 1.00000 2.81249
13 2.42416 2.51100 0.0300000 1.00000 -0.590069
14 1.68473 2.01551 0.0300000 1.00000 3.07525
15 0.363940 2.60176 0.0300000 1.00000 -1.34436
16 1.58714 1.55870 0.0300000 1.00000 -2.23080
17 2.88780 2.24975 0.0300000 1.00000 -1.06563
18 2.80613 2.44291 0.0300000 1.00000 1.46407
19 1.88419 0.317098 0.0300000 1.00000 0.980629
20 2.76662 0.890078 0.0300000 1.00000 -1.75996
11
1 0.384752 1.65447 0.0300000 1.00000 -0.446638
2 2.40637 2.79787 0.0300000 1.00000 0.437696
3 0.266114 0.532554 0.0300000 1.00000 4.61658
4 1.89860 2.19129 0.0300000 1.00000 -3.90037
5 2.10817 2.06511 0.0300000 1.00000 -2.08067
6 1.51575 2.22492 0.0300000 1.00000 -3.86676
7 1.95328 2.87346 0.0300000 1.00000 -1.44626
8 1.37434 0.210973 0.0300000 1.00000 -1.25071
9 0.783672 1.94865 0.0300000 1.00000 -0.831207
10 0.561927 0.133432 0.0300000 1.00000 4.67241
11 2.13479 1.18772 0.0300000 1.00000 -0.168276
12 0.460319 1.02220 0.0300000 1.00000 1.56389
13 2.44908 2.49430 0.0300000 1.00000 -4.04534
14 1.65480 2.01750 0.0300000 1.00000 0.943670
15 0.370675 2.57253 0.0300000 1.00000 -4.58842
16 1.56875 1.53500 0.0300000 1.00000 -0.606948
17 2.90232 2.22349 0.0300000 1.00000 -1.32654
18 2.80933 2.47274 0.0300000 1.00000 -4.21388
19 1.90088 0.342023 0.0300000 1.00000 -3.55679
20 2.76098 0.860613 0.0300000 1.00000 -3.35160
12
1 0.411809 1.64151 0.0300000 1.00000 -4.01944
2 2.43355 2.81059 0.0300000 1.00000 -0.678158
3 0.263245 0.502691 0.0300000 1.00000 1.79606
4 1.87683 2.21193 0.0300000 1.00000 -1.76818
5 2.09352 2.03893 0.0300000 1.00000 -0.162143
6 1.49330 2.24482 0.0300000 1.00000 -1.21935
7 1.95701 2.84370 0.0300000 1.00000 -1.95456
8 1.38378 0.182497 0.0300000 1.00000 -0.0663164
9 0.803892 1.92649 0.0300000 1.00000 0.476897
10 0.560728 0.103456 0.0300000 1.00000 -1.38810
11 2.16436 1.18270 0.0300000 1.00000 1.81302
12 0.460526 1.05220 0.0300000 1.00000 -2.62063
13 2.43052 2.51787 0.0300000 1.00000 0.734572
14 1.67240 2.04180 0.0300000 1.00000 -2.06690
15 0.366965 2.60230 0.0300000 1.00000 -2.11560
16 1.59339 1.51789 0.0300000 1.00000 0.946534
17 2.90957 2.19438 0.0300000 1.00000 2.27229
18 2.79499 2.49909 0.0300000 1.00000 0.984178
19 1.87343 0.354124 0.0300000 1.00000 -1.62597
20 2.73164 0.866867 0.0300000 1.00000 1.76789
13
1 0.392644 1.66459 0.0300000 1.00000 -3.54141
2 2.45691 2.79177 0.0300000 1.00000 -2.04930
3 0.256544 0.531933 0.0300000 1.00000 1.54995
4 1.87094 2.18252 0.0300000 1.00000 -2.87539
5 2.12313 2.03409 0.0300000 1.00000 1.63274
6 1.50363 2.21665 0.0300000 1.00000 -2.01625
7 1.94577 2.81588 0.0300000 1.00000 1.06629
8 1.41371 0.180508 0.0300000 1.00000 1.94266
9 0.830545 1.94026 0.0300000 1.00000 -0.746881
10 0.566178 0.0739552 0.0300000 1.00000 -3.85998
11 2.15717 1.21182 0.0300000 1.00000 -3.28444
12 0.434506 1.03726 0.0300000 1.00000 -2.54384
13 2.45279 2.53798 0.0300000 1.00000 0.579418
14 1.65812 2.01541 0.0300000 1.00000 -1.11199
15 0.351418 2.57664 0.0300000 1.00000 0.0472602
16 1.61093 1.54223 0.0300000 1.00000 -1.74682
17 2.89021 2.21730 0.0300000 1.00000 2.66911
18 2.81159 2.52408 0.0300000 1.00000 -2.18032
19 1.87178 0.324170 0.0300000 1.00000 -1.63312
20 2.72577 0.896287 0.0300000 1.00000 2.17602
14
1 0.365010 1.67627 0.0300000 1.00000 -1.59895
2 2.44309 2.76514 0.0300000 1.00000 -3.93404
3 0.257169 0.561927 0.0300000 1.00000 -0.558863
4 1.84200 2.17462 0.0300000 1.00000 -5.05522
5 2.12127 2.06403 0.0300000 1.00000 -4.36512
6 1.49070 2.18958 0.0300000 1.00000 -3.97273
7 1.96028 2.84214 0.0300000 1.00000 -4.09590
8 1.40281 0.208458 0.0300000 1.00000 3.82154
9 0.852559 1.91988 0.0300000 1.00000 0.409870
10 0.543592 0.0937003 0.0300000 1.00000 -0.107714
11 2.12747 1.21609 0.0300000 1.00000 0.214427
12 0.409708 1.02038 0.0300000 1.00000 -0.583227
13 2.47789 2.55441 0.0300000 1.00000 -2.46894
14 1.67141 1.98851 0.0300000 1.00000 -3.22512
15 0.381384 2.57806 0.0300000 1.00000 -2.79127
16 1.60567 1.51270 0.0300000 1.00000 -1.10756
17 2.86350 2.23095 0.0300000 1.00000 -4.83351
18 2.79442 2.49948 0.0300000 1.00000 -4.72091
19 1.86991 0.294228 0.0300000 1.00000 3.61526
20 2.70870 0.920958 0.0300000 1.00000 4.33381
15
1 0.364166 1.64628 0.0300000 1.00000 1.06374
2 2.42203 2.78650 0.0300000 1.00000 1.47397
3 0.282605 0.546020 0.0300000 1.00000 -2.63525
4 1.85208 2.20288 0.0300000 1.00000 2.40723
5 2.11106 2.09224 0.0300000 1.00000 0.521664
6 1.47048 2.21174 0.0300000 1.00000 4.18701
7 1.94293 2.86662 0.0300000 1.00000 5.06033
8 1.37948 0.189596 0.0300000 1.00000 -2.66212
9 0.880074 1.93183 0.0300000 1.00000 -2.12657
10 0.573418 0.0904752 0.0300000 1.00000 -1.44127
11 2.15678 1.22248 0.0300000 1.00000 3.17055
12 0.434748 1.00386 0.0300000 1.00000 -2.35722
13 2.45442 2.53572 0.0300000 1.00000 3.43352
14 1.64151 1.99102 0.0300000 1.00000 3.12492
15 0.353206 2.56776 0.0300000 1.00000 1.98062
16 1.61908 1.48586 0.0300000 1.00000 4.61944
17 2.86712 2.26073 0.0300000 1.00000 -0.495975
18 2.79467 2.52948 0.0300000 1.00000 0.130379
19 1.84321 0.280544 0.0300000 1.00000 0.250626
20 2.69761 0.893082 0.0300000 1.00000 -4.20702
16
1 0.378734 1.67251 0.0300000 1.00000 -1.22153
2 2.42493 2.81636 0.0300000 1.00000 -2.99485
3 0.256369 0.531471 0.0300000 1.00000 -0.972753
4 1.82982 2.22298 0.0300000 1.00000 -2.24481
5 2.13707 2.10719 0.0300000 1.00000 -4.85517
6 1.45543 2.18578 0.0300000 1.00000 -4.94355
7 1.95316 2.83842 0.0300000 1.00000 -3.12221
8 1.35287 0.175756 0.0300000 1.00000 -2.73053
9 0.864246 1.90635 0.0300000 1.00000 -2.46078
10 0.577293 0.0607265 0.0300000 1.00000 -5.14055
11 2.12680 1.22161 0.0300000 1.00000 -5.66542
12 0.413513 0.982668 0.0300000 1.00000 0.681563
13 2.42569 2.52708 0.0300000 1.00000 -1.14470
14 1.61152 1.99152 0.0300000 1.00000 -4.46296
15 0.341253 2.59528 0.0300000 1.00000 -2.64015
16 1.61629 1.45599 0.0300000 1.00000 0.254238
17 2.89351 2.24646 0.0300000 1.00000 -0.149483
18 2.82442 2.53338 0.0300000 1.00000 -0.129063
19 1.87227 0.287984 0.0300000 1.00000 -0.928280
20 2.68309 0.919332 0.0300000 1.00000 -1.98602
17
1 0.389000 1.64432 0.0300000 1.00000 -1.32123
2 2.39525 2.81197 0.0300000 1.00000 1.09288
3 0.273260 0.506677 0.0300000 1.00000 -2.91550
4 1.81109 2.19954 0.0300000 1.00000 0.950644
5 2.14134 2.13688 0.0300000 1.00000 2.00036
6 1.46231 2.21499 0.0300000 1.00000 -3.58281
7 1.92316 2.83783 0.0300000 1.00000 0.959988
8 1.32537 0.163769 0.0300000 1.00000 0.151361
9 0.840934 1.88746 0.0300000 1.00000 -2.32942
10 0.589749 0.0880184 0.0300000 1.00000 -0.906180
11 2.15125 1.23899 0.0300000 1.00000 -2.77462
12 0.436811 1.00157 0.0300000 1.00000 -1.15703
13 2.43809 2.49976 0.0300000 1.00000 1.94631
14 1.60411 2.02059 0.0300000 1.00000 1.03018
15 0.314946 2.58085 0.0300000 1.00000 -1.27713
16 1.64533 1.46353 0.0300000 1.00000 -1.00315
17 2.92318 2.24199 0.0300000 1.00000 1.97679
18 2.85417 2.52952 0.0300000 1.00000 2.37280
19 1.89025 0.263966 0.0300000 1.00000 -1.55050
20 2.67099 0.891881 0.0300000 1.00000 0.828927
18
1 0.396410 1.61525 0.0300000 1.00000 -1.81455
2 2.40905 2.83861 0.0300000 1.00000 -0.968635
3 0.244023 0.499952 0.0300000 1.00000 0.280173
4 1.82853 2.22395 0.0300000 1.00000 4.32509
5 2.12885 2.16416 0.0300000 1.00000 2.19469
6 1.43518 2.22780 0.0300000 1.00000 -0.546132
7 1.94037 2.86241 0.0300000 1.00000 0.395846
8 1.35502 0.168292 0.0300000 1.00000 -3.09200
9 0.820296 1.86569 0.0300000 1.00000 1.72404
10 0.608252 0.0644038 0.0300000 1.00000 -1.58082
11 2.12325 1.22822 0.0300000 1.00000 1.86164
12 0.448873 0.974100 0.0300000 1.00000 -3.29833
13 2.42709 2.52767 0.0300000 1.00000 4.23524
14 1.61955 2.04631 0.0300000 1.00000 -0.599068
15 0.323630 2.55214 0.0300000 1.00000 -1.21037
16 1.66146 1.43824 0.0300000 1.00000 -0.726309
17 2.91133 2.26955 0.0300000 1.00000 0.405743
18 2.83261 2.55038 0.0300000 1.00000 1.98627
19 1.89086 0.233972 0.0300000 1.00000 -0.0557316
20 2.69126 0.913997 0.0300000 1.00000 -3.38125
19
1 0.389169 1.58614 0.0300000 1.00000 -1.48700
2 2.42604 2.81389 0.0300000 1.00000 -0.142216
3 0.272854 0.508248 0.0300000 1.00000 -2.49695
4 1.81720 2.19618 0.0300000 1.00000 -2.21809
5 2.11132 2.18851 0.0300000 1.00000 0.593500
6 1.46081 2.21222 0.0300000 1.00000 -2.46924
7 1.96805 2.87398 0.0300000 1.00000 -1.30399
8 1.32506 0.166805 0.0300000 1.00000 -2.31740
9 0.815717 1.89534 0.0300000 1.00000 -1.20292
10 0.607951 0.0344053 0.0300000 1.00000 0.482380
11 2.11465 1.25696 0.0300000 1.00000 1.81058
12 0.419241 0.978783 0.0300000 1.00000 1.50433
13 2.41331 2.50103 0.0300000 1.00000 -3.37473
14 1.64433 2.02939 0.0300000 1.00000 2.20020
15 0.334210 2.52407 0.0300000 1.00000 0.842954
16 1.68389 1.41831 0.0300000 1.00000 0.0373650
17 2.93889 2.28139 0.0300000 1.00000 2.47271
18 2.82050 2.57782 0.0300000 1.00000 -2.51896
19 1.92081 0.232301 0.0300000 1.00000 -3.48998
20 2.66211 0.921118 0.0300000 1.00000 -2.42187
20
1 0.391680 1.55624 0.0300000 1.00000 -3.75344
2 2.45574 2.80964 0.0300000 1.00000 3.90803
3 0.248874 0.490221 0.0300000 1.00000 -1.59126
4 1.79910 2.17225 0.0300000 1.00000 -2.50663
5 2.13619 2.20528 0.0300000 1.00000 5.77924
6 1.43734 2.19353 0.0300000 1.00000 -2.99477
7 1.97596 2.84504 0.0300000 1.00000 -3.05604
8 1.30468 0.144785 0.0300000 1.00000 -5.61838
9 0.826506 1.86735 0.0300000 1.00000 -2.60987
10 0.634528 0.0483219 0.0300000 1.00000 -4.05919
11 2.10752 1.28610 0.0300000 1.00000 -3.80829
12 0.421233 1.00872 0.0300000 1.00000 -5.10030
13 2.38413 2.50796 0.0300000 1.00000 1.67455
14 1.62667 2.05365 0.0300000 1.00000 -1.64145
15 0.354168 2.54647 0.0300000 1.00000 0.277266
16 1.71387 1.41944 0.0300000 1.00000 -2.82869
17 2.91536 2.29999 0.0300000 1.00000 0.305193
18 2.79613 2.56033 0.0300000 1.00000 3.97828
19 1.89262 0.242543 0.0300000 1.00000 -3.55649
20 2.63955 0.901343 0.0300000 1.00000 4.37127
21
1 0.367123 1.57347 0.0300000 1.00000 -4.93840
2 2.43413 2.78883 0.0300000 1.00000 -4.57799
3 0.248260 0.460227 0.0300000 1.00000 1.21256
4 1.77495 2.15445 0.0300000 1.00000 -5.47176
5 2.16246 2.19080 0.0300000 1.00000 -5.23751
6 1.40767 2.18914 0.0300000 1.00000 -4.37831
7 1.94607 2.84248 0.0300000 1.00000 -0.666531
8 1.32830 0.163292 0.0300000 1.00000 0.393647
9 0.800648 1.85213 0.0300000 1.00000 -1.43240
10 0.616296 0.0721462 0.0300000 1.00000 2.82747
11 2.08395 1.30466 0.0300000 1.00000 -2.95144
12 0.432581 1.03649 0.0300000 1.00000 0.106582
13 2.38102 2.53779 0.0300000 1.00000 -2.77571
14 1.62455 2.02372 0.0300000 1.00000 -0.885989
15 0.383022 2.55468 0.0300000 1.00000 -4.71582
16 1.68532 1.41020 0.0300000 1.00000 -4.63243
17 2.94397 2.30901 0.0300000 1.00000 -3.26685
18 2.77603 2.53806 0.0300000 1.00000 -5.01112
19 1.86516 0.254636 0.0300000 1.00000 0.611730
20 2.62952 0.873072 0.0300000 1.00000 -0.967781
22
1 0.373845 1.60271 0.0300000 1.00000 0.677765
2 2.43011 2.81856 0.0300000 1.00000 2.24199
3 0.258779 0.488322 0.0300000 1.00000 1.34945
4 1.79561 2.17621 0.0300000 1.00000 3.49546
5 2.17750 2.21676 0.0300000 1.00000 0.407781
6 1.39783 2.21748 0.0300000 1.00000 4.38637
7 1.96965 2.82393 0.0300000 1.00000 -1.73051
8 1.35600 0.174799 0.0300000 1.00000 -2.44696
9 0.804786 1.82242 0.0300000 1.00000 0.328609
10 0.587764 0.0814158 0.0300000 1.00000 -0.532215
11 2.05449 1.29899 0.0300000 1.00000 3.40326
12 0.462410 1.03968 0.0300000 1.00000 -2.01443
13 2.35300 2.52706 0.0300000 1.00000 -1.00265
14 1.64353 2.00048 0.0300000 1.00000 0.845185
15 0.383125 2.58468 0.0300000 1.00000 0.829188
16 1.68293 1.44011 0.0300000 1.00000 1.86128
17 2.91420 2.31276 0.0300000 1.00000 2.91312
18 2.78486 2.56673 0.0300000 1.00000 0.408927
19 1.88972 0.271864 0.0300000 1.00000 3.06382
20 2.64653 0.848363 0.0300000 1.00000 0.698011
23
1 0.397215 1.62152 0.0300000 1.00000 -5.64957
2 2.41145 2.84205 0.0300000 1.00000 2.08188
3 0.265365 0.517590 0.0300000 1.00000 4.08287
4 1.76746 2.16581 0.0300000 1.00000 0.507231
5 2.20504 2.22865 0.0300000 1.00000 1.70993
6 1.38822 2.18906 0.0300000 1.00000 1.16503
7 1.96488 2.79431 0.0300000 1.00000 3.40767
8 1.33295 0.155596 0.0300000 1.00000 3.56166
9 0.833181 1.83210 0.0300000 1.00000 -4.18880
10 0.613615 0.0661925 0.0300000 1.00000 0.0740966
11 2.02551 1.29122 0.0300000 1.00000 -0.577555
12 0.449534 1.01258 0.0300000 1.00000 -5.39518
13 2.36915 2.50177 0.0300000 1.00000 0.281634
14 1.66343 2.02293 0.0300000 1.00000 -0.439371
15 0.403390 2.60680 0.0300000 1.00000 0.799621
16 1.67434 1.46885 0.0300000 1.00000 -1.84058
17 2.88498 2.31955 0.0300000 1.00000 4.09058
18 2.81239 2.57866 0.0300000 1.00000 0.959654
19 1.85981 0.274195 0.0300000 1.00000 -1.24417
20 2.66951 0.867644 0.0300000 1.00000 4.72162
24
1 0.421391 1.63928 0.0300000 1.00000 0.933456
2 2.39678 2.86822 0.0300000 1.00000 2.22756
3 0.247702 0.493341 0.0300000 1.00000 -3.09055
4 1.79369 2.18039 0.0300000 1.00000 -2.17456
5 2.20088 2.25836 0.0300000 1.00000 -1.08360
6 1.40006 2.21663 0.0300000 1.00000 -2.13635
7 1.93593 2.78642 0.0300000 1.00000 2.22130
8 1.30556 0.143362 0.0300000 1.00000 -0.779516
9 0.818181 1.85808 0.0300000 1.00000 0.381518
10 0.643532 0.0684134 0.0300000 1.00000 -2.03798
11 2.05064 1.27485 0.0300000 1.00000 3.24880
12 0.468463 1.03586 0.0300000 1.00000 0.628810
13 2.39796 2.51011 0.0300000 1.00000 0.989490
14 1.69058 2.01017 0.0300000 1.00000 -0.0600981
15 0.424299 2.62831 0.0300000 1.00000 -2.58578
16 1.66634 1.43993 0.0300000 1.00000 3.41265
17 2.86751 2.29517 0.0300000 1.00000 -2.17273
18 2.82960 2.60322 0.0300000 1.00000 -0.636876
19 1.86944 0.245781 0.0300000 1.00000 -1.50940
20 2.66979 0.837645 0.0300000 1.00000 0.530034
25
1 0.439243 1.66339 0.0300000 1.00000 -3.15829
2 2.37846 2.89198 0.0300000 1.00000 -1.35123
3 0.217742 0.491811 0.0300000 1.00000 -2.10253
4 1.77666 2.15569 0.0300000 1.00000 0.250629
5 2.21493 2.23185 0.0300000 1.00000 -0.975688
6 1.38399 2.19130 0.0300000 1.00000 -2.94362
7 1.91777 2.81029 0.0300000 1.00000 -4.17133
8 1.32690 0.122274 0.0300000 1.00000 -3.38343
9 0.846024 1.86925 0.0300000 1.00000 0.112790
10 0.630021 0.0416281 0.0300000 1.00000 -1.09640
11 2.02081 1.27164 0.0300000 1.00000 -2.31508
12 0.492724 1.05350 0.0300000 1.00000 -4.08158
13 2.41444 2.53518 0.0300000 1.00000 -0.809249
14 1.72053 2.00836 0.0300000 1.00000 -1.31874
15 0.398815 2.61248 0.0300000 1.00000 -5.76386
16 1.63744 1.43190 0.0300000 1.00000 0.296994
17 2.85052 2.27044 0.0300000 1.00000 -4.67882
18 2.85372 2.58538 0.0300000 1.00000 0.177372
19 1.87128 0.215837 0.0300000 1.00000 0.926179
20 2.69567 0.852812 0.0300000 1.00000 0.997985
26
1 0.409247 1.66389 0.0300000 1.00000 2.76394
2 2.38500 2.86270 0.0300000 1.00000 2.03273
3 0.202531 0.465953 0.0300000 1.00000 -4.25223
4 1.80572 2.16313 0.0300000 1.00000 -0.485380
5 2.23174 2.20701 0.0300000 1.00000 -0.131333
6 1.35457 2.18540 0.0300000 1.00000 -1.08510
7 1.90231 2.83601 0.0300000 1.00000 1.89461
8 1.29777 0.129458 0.0300000 1.00000 -4.43178
9 0.875834 1.87263 0.0300000 1.00000 1.48520
10 0.643725 0.0149410 0.0300000 1.00000 0.367813
11 2.00049 1.24957 0.0300000 1.00000 -1.79656
12 0.475030 1.07773 0.0300000 1.00000 2.17573
13 2.43514 2.51347 0.0300000 1.00000 0.656072
14 1.72801 1.97931 0.0300000 1.00000 -1.79028
15 0.424859 2.62737 0.0300000 1.00000 3.02758
16 1.66612 1.44068 0.0300000 1.00000 -1.68163
17 2.84952 2.30042 0.0300000 1.00000 -2.96374
18 2.88325 2.59068 0.0300000 1.00000 -3.71008
19 1.88930 0.239817 0.0300000 1.00000 0.686383
20 2.71193 0.878023 0.0300000 1.00000 -2.43061
27
1 0.381361 1.67496 0.0300000 1.00000 -0.455528
2 2.37163 2.88955 0.0300000 1.00000 0.766489
3 0.189208 0.492832 0.0300000 1.00000 4.66516
4 1.83225 2.14913 0.0300000 1.00000 4.19456
5 2.26149 2.20308 0.0300000 1.00000 0.115900
6 1.36858 2.15887 0.0300000 1.00000 -0.220641
7 1.89277 2.86445 0.0300000 1.00000 4.04576
8 1.28946 0.158285 0.0300000 1.00000 2.75253
9 0.878399 1.90252 0.0300000 1.00000 3.24431
10 0.671719 0.0257283 0.0300000 1.00000 4.89795
11 1.99378 1.22033 0.0300000 1.00000 4.60297
12 0.457969 1.10241 0.0300000 1.00000 0.996454
13 2.45891 2.53177 0.0300000 1.00000 -0.974151
14 1.72148 1.95003 0.0300000 1.00000 2.84691
15 0.395054 2.63078 0.0300000 1.00000 0.304626
16 1.66280 1.41086 0.0300000 1.00000 0.725687
17 2.81999 2.29511 0.0300000 1.00000 -3.56764
18 2.85797 2.60683 0.0300000 1.00000 -2.15958
19 1.91251 0.258830 0.0300000 1.00000 0.0930178
20 2.68920 0.858446 0.0300000 1.00000 -1.72628
28
1 0.408302 1.66176 0.0300000 1.00000 -0.767451
2 2.39324 2.91036 0.0300000 1.00000 -0.605472
3 0.187792 0.462865 0.0300000 1.00000 1.50100
4 1.81740 2.12307 0.0300000 1.00000 0.105499
5 2.29128 2.20655 0.0300000 1.00000 1.64858
6 1.39785 2.15230 0.0300000 1.00000 2.28303
7 1.87422 2.84087 0.0300000 1.00000 0.893649
8 1.26171 0.169664 0.0300000 1.00000 0.345171
9 0.848557 1.89944 0.0300000 1.00000 -1.50762
10 0.677254 3.09624 0.0300000 1.00000 1.39911
11 1.99050 1.19051 0.0300000 1.00000 -2.27548
12 0.474268 1.12759 0.0300000 1.00000 -1.46320
13 2.47577 2.50696 0.0300000 1.00000 -3.71539
14 1.69277 1.95875 0.0300000 1.00000 -2.58451
15 0.423673 2.63978 0.0300000 1.00000 -2.06354
16 1.68525 1.43077 0.0300000 1.00000 -2.54281
17 2.79267 2.30751 0.0300000 1.00000 1.41982
18 2.84131 2.58188 0.0300000 1.00000 -2.92073
19 1.94238 0.261616 0.0300000 1.00000 -0.0984228
20 2.68456 0.828808 0.0300000 1.00000 -5.12056
29
1 0.429893 1.64093 0.0300000 1.00000 1.96884
2 2.41790 2.89329 0.0300000 1.00000 3.67839
3 0.189884 0.492792 0.0300000 1.00000 -0.842849
4 1.84724 2.12623 0.0300000 1.00000 -3.63358
5 2.28895 2.23646 0.0300000 1.00000 0.847890
6 1.37824 2.17501 0.0300000 1.00000 -1.20013
7 1.89302 2.86425 0.0300000 1.00000 -5.58889
8 1.28994 0.179815 0.0300000 1.00000 -3.85767
9 0.850451 1.86950 0.0300000 1.00000 -0.473388
10 0.682379 0.0258023 0.0300000 1.00000 -0.822377
11 1.97107 1.16765 0.0300000 1.00000 3.75847
12 0.477489 1.09777 0.0300000 1.00000 -1.10883
13 2.45057 2.52324 0.0300000 1.00000 1.84206
14 1.66731 1.94288 0.0300000 1.00000 -0.171735
15 0.409482 2.61335 0.0300000 1.00000 -1.74898
16 1.66046 1.41386 0.0300000 1.00000 0.692032
17 2.79718 2.33717 0.0300000 1.00000 1.88135
18 2.81204 2.57531 0.0300000 1.00000 1.85095
19 1.97224 0.258668 0.0300000 1.00000 -0.356525
20 2.69647 0.856343 0.0300000 1.00000 -3.62961
30
1 0.418264 1.66858 0.0300000 1.00000 1.99434
2 2.39212 2.87795 0.0300000 1.00000 2.18878
3 0.209844 0.470396 0.0300000 1.00000 -3.20882
4 1.82079 2.14040 0.0300000 1.00000 2.97977
5 2.30880 2.25896 0.0300000 1.00000 0.111120
6 1.38911 2.14705 0.0300000 1.00000 0.522704
7 1.91607 2.88345 0.0300000 1.00000 3.86904
8 1.26730 0.199508 0.0300000 1.00000 1.21737
9 0.877152 1.85583 0.0300000 1.00000 -2.70387
10 0.702794 0.00381930 0.0300000 1.00000 0.217926
11 1.94659 1.15030 0.0300000 1.00000 2.13929
12 0.490861 1.07091 0.0300000 1.00000 1.41986
13 2.44253 2.55214 0.0300000 1.00000 4.16575
14 1.69687 1.93776 0.0300000 1.00000 -1.68655
15 0.404164 2.58383 0.0300000 1.00000 -2.29134
16 1.68356 1.43301 0.0300000 1.00000 3.68479
17 2.78802 2.36574 0.0300000 1.00000 0.176234
18 2.80374 2.60414 0.0300000 1.00000 0.732517
19 2.00035 0.248198 0.0300000 1.00000 0.593409
20 2.66997 0.870410 0.0300000 1.00000 1.89928
31
1 0.405934 1.69593 0.0300000 1.00000 3.99872
2 2.37474 2.90240 0.0300000 1.00000 0.904417
3 0.179912 0.472411 0.0300000 1.00000 0.609062
4 1.79119 2.14523 0.0300000 1.00000 0.484827
5 2.33861 2.26228 0.0300000 1.00000 1.05587
6 1.41510 2.16202 0.0300000 1.00000 5.42114
7 1.89366 2.86350 0.0300000 1.00000 5.46274
8 1.27769 0.227654 0.0300000 1.00000 1.20617
9 0.849980 1.84311 0.0300000 1.00000 0.784849
10 0.732084 0.0103054 0.0300000 1.00000 4.76573
11 1.93044 1.17558 0.0300000 1.00000 1.05381
12 0.495372 1.10057 0.0300000 1.00000 4.93742
13 2.42694 2.52651 0.0300000 1.00000 4.35106
14 1.69340 1.90796 0.0300000 1.00000 1.72703
15 0.384371 2.56128 0.0300000 1.00000 5.70328
16 1.65788 1.41750 0.0300000 1.00000 1.62984
17 2.81755 2.37100 0.0300000 1.00000 3.80496
18 2.82604 2.62420 0.0300000 1.00000 3.50515
19 2.02522 0.264973 0.0300000 1.00000 -0.0547256
20 2.66029 0.898806 0.0300000 1.00000 -0.356338
32
1 0.386296 1.67325 0.0300000 1.00000 0.740279
2 2.39329 2.92598 0.0300000 1.00000 -2.04974
3 0.204517 0.489574 0.0300000 1.00000 0.0313235
4 1.81773 2.15921 0.0300000 1.00000 -0.251284
5 2.35339 2.28839 0.0300000 1.00000 1.39742
6 1.43463 2.13925 0.0300000 1.00000 -1.88548
7 1.91412 2.84156 0.0300000 1.00000 -1.09167
8 1.28839 0.255682 0.0300000 1.00000 1.44427
9 0.871205 1.86431 0.0300000 1.00000 -2.00408
10 0.733683 3.08035 0.0300000 1.00000 -1.29712
11 1.94527 1.20166 0.0300000 1.00000 -2.06881
12 0.502065 1.07133 0.0300000 1.00000 3.01008
13 2.41633 2.49845 0.0300000 1.00000 -0.381432
14 1.68874 1.93759 0.0300000 1.00000 0.822346
15 0.409466 2.54484 0.0300000 1.00000 -2.94071
16 1.65611 1.44745 0.0300000 1.00000 3.12383
17 2.79391 2.35252 0.0300000 1.00000 -0.558803
18 2.79801 2.61353 0.0300000 1.00000 3.27516
19 2.05518 0.263332 0.0300000 1.00000 -2.09388
20 2.68840 0.888340 0.0300000 1.00000 3.47280
33
1 0.408445 1.69349 0.0300000 1.00000 -1.60775
2 2.37946 2.89935 0.0300000 1.00000 1.57308
3 0.234503 0.490514 0.0300000 1.00000 -4.13625
4 1.84679 2.15175 0.0300000 1.00000 -3.13864
5 2.35856 2.31794 0.0300000 1.00000 -3.19927
6 1.42535 2.11072 0.0300000 1.00000 -2.71200
7 1.92795 2.81493 0.0300000 1.00000 0.562334
8 1.29217 0.285442 0.0300000 1.00000 -0.462144
9 0.858609 1.83708 0.0300000 1.00000 -0.0876247
10 0.741792 3.05146 0.0300000 1.00000 1.16961
11 1.93094 1.17530 0.0300000 1.00000 -4.77987
12 0.472325 1.07526 0.0300000 1.00000 0.352967
13 2.44418 2.48728 0.0300000 1.00000 -0.364021
14 1.70915 1.95957 0.0300000 1.00000 -4.38734
15 0.380069 2.53886 0.0300000 1.00000 0.532299
16 1.62612 1.44798 0.0300000 1.00000 1.25036
17 2.81935 2.33662 0.0300000 1.00000 -2.23706
18 2.76827 2.60954 0.0300000 1.00000 -4.43152
19 2.04019 0.237344 0.0300000 1.00000 -0.151479
20 2.66003 0.878585 0.0300000 1.00000 -2.72422
34
1 0.407336 1.66351 0.0300000 1.00000 1.49966
2 2.37939 2.92935 0.0300000 1.00000 1.63363
3 0.218159 0.515671 0.0300000 1.00000 3.70584
4 1.81679 2.15166 0.0300000 1.00000 0.895942
5 2.32861 2.31967 0.0300000 1.00000 4.07497
6 1.39807 2.09823 0.0300000 1.00000 3.92395
7 1.95333 2.83093 0.0300000 1.00000 0.0785104
8 1.31902 0.272066 0.0300000 1.00000 1.39495
9 0.888494 1.83446 0.0300000 1.00000 -0.878507
10 0.753507 3.07908 0.0300000 1.00000 1.47703
11 1.93296 1.20524 0.0300000 1.00000 4.07235
12 0.500475 1.08563 0.0300000 1.00000 2.89073
13 2.47221 2.47660 0.0300000 1.00000 -0.337914
14 1.69957 1.98800 0.0300000 1.00000 3.28222
15 0.405919 2.55408 0.0300000 1.00000 0.802861
16 1.63557 1.47646 0.0300000 1.00000 3.82931
17 2.80081 2.31303 0.0300000 1.00000 -1.08454
18 2.75996 2.63836 0.0300000 1.00000 0.830601
19 2.06985 0.232817 0.0300000 1.00000 3.78416
20 2.63261 0.866424 0.0300000 1.00000 -0.440971
35
1 0.409468 1.69343 0.0300000 1.00000 0.446529
2 2.37751 2.95930 0.0300000 1.00000 0.503012
3 0.192809 0.499628 0.0300000 1.00000 -5.93818
4 1.83553 2.17509 0.0300000 1.00000 -0.237534
5 2.31076 2.29556 0.0300000 1.00000 -3.78664
6 1.37679 2.07708 0.0300000 1.00000 2.61807
7 1.98324 2.83328 0.0300000 1.00000 2.24832
8 1.32427 0.301603 0.0300000 1.00000 -1.44661
9 0.907643 1.81137 0.0300000 1.00000 2.54841
10 0.756316 0.00895074 0.0300000 1.00000 3.47860
11 1.91505 1.18117 0.0300000 1.00000 -3.03935
12 0.471414 1.09308 0.0300000 1.00000 3.55461
13 2.50051 2.46666 0.0300000 1.00000 -0.364455
14 1.66987 1.98380 0.0300000 1.00000 -2.48892
15 0.426758 2.57566 0.0300000 1.00000 1.64239
16 1.61238 1.45741 0.0300000 1.00000 -1.47803
17 2.81483 2.28651 0.0300000 1.00000 1.35978
18 2.78019 2.66051 0.0300000 1.00000 -2.46165
19 2.04583 0.214839 0.0300000 1.00000 -0.395744
20 2.65974 0.853619 0.0300000 1.00000 -0.00346609
36
1 0.436527 1.70639 0.0300000 1.00000 -0.410055
2 2.40379 2.97376 0.0300000 1.00000 5.10531
3 0.221042 0.509774 0.0300000 1.00000 0.318906
4 1.86469 2.16803 0.0300000 1.00000 2.44474
5 2.28679 2.31360 0.0300000 1.00000 4.80391
6 1.35081 2.09208 0.0300000 1.00000 0.409076
7 1.96443 2.85666 0.0300000 1.00000 1.85142
8 1.32799 0.271834 0.0300000 1.00000 -4.43096
9 0.882768 1.82814 0.0300000 1.00000 -0.344887
10 0.728003 3.09903 0.0300000 1.00000 -1.48805
11 1.88520 1.17811 0.0300000 1.00000 3.36525
12 0.443937 1.08104 0.0300000 1.00000 -0.250261
13 2.52854 2.45596 0.0300000 1.00000 3.81298
14 1.64603 1.96558 0.0300000 1.00000 1.03153
15 0.424612 2.60559 0.0300000 1.00000 1.50396
16 1.61516 1.42754 0.0300000 1.00000 -0.0736644
17 2.82111 2.31584 0.0300000 1.00000 4.47447
18 2.75686 2.64165 0.0300000 1.00000 0.699096
19 2.07351 0.203274 0.0300000 1.00000 0.266523
20 2.68974 0.853515 0.0300000 1.00000 -3.43160
37
1 0.464040 1.69443 0.0300000 1.00000 -1.57398
2 2.41528 2.94604 0.0300000 1.00000 -2.08731
3 0.249529 0.519180 0.0300000 1.00000 3.17444
4 1.84168 2.18728 0.0300000 1.00000 -3.40801
5 2.28953 2.28373 0.0300000 1.00000 -3.03685
6 1.37834 2.10401 0.0300000 1.00000 -2.36140
7 1.95613 2.88548 0.0300000 1.00000 -2.58920
8 1.31966 0.300654 0.0300000 1.00000 1.29959
9 0.911002 1.81799 0.0300000 1.00000 -0.526590
10 0.730483 3.06913 0.0300000 1.00000 2.95266
11 1.85595 1.17146 0.0300000 1.00000 1.29863
12 0.473002 1.07361 0.0300000 1.00000 1.08420
13 2.50506 2.43730 0.0300000 1.00000 -0.849263
14 1.66144 1.99132 0.0300000 1.00000 -2.12005
15 0.426616 2.63552 0.0300000 1.00000 -0.752926
16 1.64508 1.42533 0.0300000 1.00000 0.270078
17 2.81404 2.28669 0.0300000 1.00000 1.00035
18 2.77982 2.66095 0.0300000 1.00000 -0.381136
19 2.10245 0.211176 0.0300000 1.00000 -1.21419
20 2.66099 0.862094 0.0300000 1.00000 1.68273
38
1 0.463944 1.66443 0.0300000 1.00000 -2.01470
2 2.40046 2.91996 0.0300000 1.00000 0.277879
3 0.219545 0.518194 0.0300000 1.00000 3.18513
4 1.81274 2.19518 0.0300000 1.00000 -1.53029
5 2.25969 2.28059 0.0300000 1.00000 -3.38837
6 1.35701 2.08291 0.0300000 1.00000 -3.35217
7 1.93059 2.86974 0.0300000 1.00000 0.588328
8 1.32769 0.329557 0.0300000 1.00000 1.09541
9 0.936938 1.80292 0.0300000 1.00000 -1.90313
10 0.701016 3.07477 0.0300000 1.00000 -1.72027
11 1.86402 1.20035 0.0300000 1.00000 -1.28529
12 0.487031 1.10012 0.0300000 1.00000 -2.11641
13 2.52487 2.41478 0.0300000 1.00000 -3.85972
14 1.64578 1.96573 0.0300000 1.00000 0.974416
15 0.448506 2.61501 0.0300000 1.00000 -2.14943
16 1.67399 1.43334 0.0300000 1.00000 0.807086
17 2.83024 2.31194 0.0300000 1.00000 -2.06702
18 2.80767 2.64980 0.0300000 1.00000 -4.41656
19 2.11292 0.183063 0.0300000 1.00000 2.64856
20 2.65764 0.891906 0.0300000 1.00000 3.59822
39
1 0.451060 1.63734 0.0300000 1.00000 -3.70477
2 2.42931 2.92819 0.0300000 1.00000 2.47441
3 0.189574 0.516889 0.0300000 1.00000 -3.17500
4 1.81396 2.16521 0.0300000 1.00000 0.585940
5 2.23060 2.28792 0.0300000 1.00000 1.81232
6 1.32768 2.08918 0.0300000 1.00000 -1.88130
7 1.95554 2.88639 0.0300000 1.00000 -1.69884
8 1.34142 0.356231 0.0300000 1.00000 -1.44249
9 0.927150 1.77456 0.0300000 1.00000 -3.71507
10 0.696549 3.04510 0.0300000 1.00000 -3.99209
11 1.87247 1.17157 0.0300000 1.00000 -2.51900
12 0.471462 1.07448 0.0300000 1.00000 -0.975534
13 2.50228 2.43452 0.0300000 1.00000 3.38910
14 1.66263 1.99056 0.0300000 1.00000 -1.03598
15 0.432100 2.58989 0.0300000 1.00000 -3.05409
16 1.69474 1.45501 0.0300000 1.00000 -5.43600
17 2.81596 2.28556 0.0300000 1.00000 -0.154418
18 2.79893 2.67849 0.0300000 1.00000 1.02649
19 2.08650 0.197262 0.0300000 1.00000 0.159556
20 2.63072 0.878679 0.0300000 1.00000 2.50742
40
1 0.425694 1.65335 0.0300000 1.00000 -3.29780
2 2.40575 2.94675 0.0300000 1.00000 0.671526
3 0.159590 0.517891 0.0300000 1.00000 -1.92755
4 1.83895 2.18180 0.0300000 1.00000 0.135231
5 2.22343 2.31705 0.0300000 1.00000 2.17378
6 1.31851 2.06061 0.0300000 1.00000 3.73786
7 1.95171 2.85663 0.0300000 1.00000 1.15847
8 1.34526 0.326477 0.0300000 1.00000 -0.751629
9 0.901949 1.79083 0.0300000 1.00000 -2.57642
10 0.676761 3.06765 0.0300000 1.00000 -2.83882
11 1.84809 1.15407 0.0300000 1.00000 4.56760
12 0.488284 1.04964 0.0300000 1.00000 -0.546299
13 2.47319 2.42717 0.0300000 1.00000 2.28056
14 1.67792 1.96475 0.0300000 1.00000 3.55066
15 0.402215 2.58727 0.0300000 1.00000 -2.14491
16 1.71461 1.47749 0.0300000 1.00000 4.93549
17 2.84560 2.28094 0.0300000 1.00000 2.96673
18 2.81446 2.70416 0.0300000 1.00000 -1.46636
19 2.11612 0.202029 0.0300000 1.00000 -3.44960
20 2.60655 0.896454 0.0300000 1.00000 -3.99534
41
1 0.396059 1.65802 0.0300000 1.00000 -1.31229
2 2.42923 2.96542 0.0300000 1.00000 -5.10220
3 0.149113 0.489780 0.0300000 1.00000 0.549944
4 1.86868 2.18584 0.0300000 1.00000 -2.00290
5 2.20642 2.34176 0.0300000 1.00000 -2.59125
6 1.29369 2.04376 0.0300000 1.00000 -2.46593
7 1.96373 2.88412 0.0300000 1.00000 -2.25368
8 1.36718 0.305993 0.0300000 1.00000 -2.15178
9 0.876614 1.77477 0.0300000 1.00000 -4.16103
10 0.648125 3.05871 0.0300000 1.00000 0.305586
11 1.84377 1.12439 0.0300000 1.00000 -1.99023
12 0.513918 1.03405 0.0300000 1.00000 -4.05470
13 2.45364 2.44992 0.0300000 1.00000 -4.49530
14 1.65039 1.95281 0.0300000 1.00000 -3.39904
15 0.385922 2.56208 0.0300000 1.00000 -4.24037
16 1.72124 1.44823 0.0300000 1.00000 -1.67696
17 2.81606 2.28616 0.0300000 1.00000 0.229180
18 2.81759 2.67432 0.0300000 1.00000 -2.71035
19 2.08753 0.211123 0.0300000 1.00000 0.782777
20 2.58683 0.919066 0.0300000 1.00000 -5.17928
42
1 0.403728 1.62902 0.0300000 1.00000 -3.51655
2 2.44063 2.99317 0.0300000 1.00000 -3.62399
3 0.174690 0.505459 0.0300000 1.00000 -5.27923
4 1.85611 2.15860 0.0300000 1.00000 -1.57882
5 2.18084 2.32607 0.0300000 1.00000 -0.0902511
6 1.27028 2.02500 0.0300000 1.00000 4.87155
7 1.94480 2.86085 0.0300000 1.00000 -2.50808
8 1.35071 0.280915 0.0300000 1.00000 -1.07757
9 0.860899 1.80032 0.0300000 1.00000 -2.03817
10 0.676735 3.06773 0.0300000 1.00000 -3.28124
11 1.83155 1.09699 0.0300000 1.00000 4.50971
12 0.495579 1.05780 0.0300000 1.00000 -4.26473
13 2.44718 2.47922 0.0300000 1.00000 -2.03952
14 1.62138 1.96045 0.0300000 1.00000 4.89277
15 0.372282 2.58880 0.0300000 1.00000 -1.12760
16 1.71806 1.41840 0.0300000 1.00000 5.99429
17 2.84527 2.29298 0.0300000 1.00000 0.541144
18 2.79033 2.66178 0.0300000 1.00000 -4.95583
19 2.10880 0.232281 0.0300000 1.00000 -4.85318
20 2.60034 0.945855 0.0300000 1.00000 -3.01572
43
1 0.375812 1.64000 0.0300000 1.00000 -1.17868
2 2.41406 3.00708 0.0300000 1.00000 0.0377896
3 0.190799 0.530767 0.0300000 1.00000 -3.32459
4 1.85587 2.12860 0.0300000 1.00000 0.0133027
5 2.21072 2.32336 0.0300000 1.00000 -1.43703
6 1.27503 1.99538 0.0300000 1.00000 -2.77425
7 1.92062 2.84309 0.0300000 1.00000 -1.23031
8 1.36492 0.254491 0.0300000 1.00000 -4.13006
9 0.847383 1.77354 0.0300000 1.00000 -4.26231
10 0.647027 3.07191 0.0300000 1.00000 -4.64787
11 1.82551 1.06760 0.0300000 1.00000 -0.276937
12 0.482593 1.08484 0.0300000 1.00000 -3.98609
13 2.43363 2.45246 0.0300000 1.00000 -1.78443
14 1.62676 1.93094 0.0300000 1.00000 -1.72601
15 0.385146 2.56170 0.0300000 1.00000 -4.70886
16 1.74682 1.40985 0.0300000 1.00000 -1.98793
17 2.87099 2.30843 0.0300000 1.00000 0.00435143
18 2.79757 2.69090 0.0300000 1.00000 -1.43616
19 2.11301 0.261984 0.0300000 1.00000 -4.46805
20 2.57057 0.942089 0.0300000 1.00000 0.0671584
44
1 0.387277 1.61228 0.0300000 1.00000 6.06497
2 2.44403 3.00822 0.0300000 1.00000 -0.252264
3 0.161300 0.536226 0.0300000 1.00000 -3.40512
4 1.88587 2.12900 0.0300000 1.00000 -2.19286
5 2.21472 2.29363 0.0300000 1.00000 -1.00897
6 1.24703 1.98461 0.0300000 1.00000 -3.11947
7 1.93064 2.81481 0.0300000 1.00000 -0.836336
8 1.34842 0.279546 0.0300000 1.00000 3.49365
9 0.834332 1.80055 0.0300000 1.00000 0.445736
10 0.645093 0.00184460 0.0300000 1.00000 -2.08842
11 1.85437 1.05940 0.0300000 1.00000 -2.05743
12 0.462670 1.10727 0.0300000 1.00000 4.56574
13 2.42727 2.42314 0.0300000 1.00000 -4.18898
14 1.62212 1.90130 0.0300000 1.00000 0.524845
15 0.385040 2.59170 0.0300000 1.00000 -2.18015
16 1.73467 1.38243 0.0300000 1.00000 -2.58617
17 2.90099 2.30856 0.0300000 1.00000 -3.71588
18 2.80159 2.66117 0.0300000 1.00000 -2.08723
19 2.10575 0.291093 0.0300000 1.00000 -3.85670
20 2.60051 0.944102 0.0300000 1.00000 -2.32625
45
1 0.416565 1.60579 0.0300000 1.00000 -2.55529
2 2.47308 3.00073 0.0300000 1.00000 -3.19187
3 0.132336 0.544041 0.0300000 1.00000 0.541454
4 1.86839 2.10462 0.0300000 1.00000 -3.74322
5 2.23071 2.26824 0.0300000 1.00000 -1.37970
6 1.21704 1.98394 0.0300000 1.00000 -2.88783
7 1.95075 2.79255 0.0300000 1.00000 -1.47753
8 1.32026 0.269201 0.0300000 1.00000 0.280267
9 0.861400 1.81348 0.0300000 1.00000 -0.896799
10 0.630249 3.07577 0.0300000 1.00000 -1.16350
11 1.84034 1.03288 0.0300000 1.00000 -3.13043
12 0.458286 1.07759 0.0300000 1.00000 -2.51980
13 2.41228 2.44912 0.0300000 1.00000 -3.71762
14 1.64809 1.91633 0.0300000 1.00000 -0.761538
15 0.367870 2.56710 0.0300000 1.00000 -4.73514
16 1.70918 1.36661 0.0300000 1.00000 -2.18533
17 2.87580 2.32486 0.0300000 1.00000 -3.41557
18 2.78678 2.63508 0.0300000 1.00000 -0.119562
19 2.08310 0.310764 0.0300000 1.00000 -2.75659
20 2.57994 0.922264 0.0300000 1.00000 -3.36154
46
1 0.391575 1.58919 0.0300000 1.00000 0.140311
2 2.44312 3.00224 0.0300000 1.00000 -1.09369
3 0.158044 0.559502 0.0300000 1.00000 -3.74793
4 1.84366 2.12160 0.0300000 1.00000 -3.11479
5 2.23640 2.23879 0.0300000 1.00000 -3.12182
6 1.18800 1.97641 0.0300000 1.00000 -0.583862
7 1.95354 2.76268 0.0300000 1.00000 0.203175
8 1.34909 0.277499 0.0300000 1.00000 -2.72351
9 0.880124 1.79004 0.0300000 1.00000 -0.638301
10 0.642132 3.04823 0.0300000 1.00000 -4.60686
11 1.81034 1.03255 0.0300000 1.00000 0.423855
12 0.433901 1.06012 0.0300000 1.00000 -4.33147
13 2.38712 2.46546 0.0300000 1.00000 -4.60547
14 1.66980 1.89563 0.0300000 1.00000 -3.80158
15 0.368553 2.59709 0.0300000 1.00000 -0.0554066
16 1.69188 1.34210 0.0300000 1.00000 -3.02134
17 2.84692 2.33298 0.0300000 1.00000 -5.37567
18 2.81657 2.63150 0.0300000 1.00000 -0.0660859
19 2.05529 0.299497 0.0300000 1.00000 -5.68354
20 2.55066 0.928809 0.0300000 1.00000 -1.36518
47
1 0.421281 1.59338 0.0300000 1.00000 -1.19724
2 2.45690 2.97559 0.0300000 1.00000 4.39708
3 0.133392 0.576598 0.0300000 1.00000 -1.58115
4 1.81367 2.12079 0.0300000 1.00000 1.93588
5 2.20641 2.23820 0.0300000 1.00000 -0.704915
6 1.21303 1.95987 0.0300000 1.00000 2.24383
7 1.98293 2.76873 0.0300000 1.00000 0.590063
8 1.32167 0.265319 0.0300000 1.00000 -0.430346
9 0.904217 1.77217 0.0300000 1.00000 -1.23757
10 0.638972 3.07806 0.0300000 1.00000 -1.50478
11 1.83768 1.04489 0.0300000 1.00000 1.56098
12 0.422748 1.08797 0.0300000 1.00000 -1.85253
13 2.38391 2.49529 0.0300000 1.00000 1.59999
14 1.64610 1.91402 0.0300000 1.00000 0.794375
15 0.398507 2.59543 0.0300000 1.00000 0.529734
16 1.66210 1.33850 0.0300000 1.00000 -1.00362
17 2.86539 2.35662 0.0300000 1.00000 -1.52890
18 2.84650 2.62952 0.0300000 1.00000 -0.0767782
19 2.08006 0.316427 0.0300000 1.00000 1.93318
20 2.55679 0.899441 0.0300000 1.00000 -2.49253
48
1 0.432229 1.56545 0.0300000 1.00000 1.42211
2 2.44760 2.94706 0.0300000 1.00000 -0.144932
3 0.133081 0.546600 0.0300000 1.00000 -3.40556
4 1.80296 2.14882 0.0300000 1.00000 -3.35509
5 2.22926 2.21876 0.0300000 1.00000 -1.55613
6 1.19433 1.98333 0.0300000 1.00000 0.592729
7 2.00785 2.78542 0.0300000 1.00000 -2.61993
8 1.34894 0.252804 0.0300000 1.00000 -2.38420
9 0.914030 1.74382 0.0300000 1.00000 -2.96357
10 0.640951 3.04813 0.0300000 1.00000 2.86153
11 1.83798 1.07488 0.0300000 1.00000 -1.74117
12 0.414408 1.05915 0.0300000 1.00000 -1.99409
13 2.38304 2.52528 0.0300000 1.00000 2.20539
14 1.66712 1.93543 0.0300000 1.00000 -0.871887
15 0.424395 2.61059 0.0300000 1.00000 2.53620
16 1.67821 1.31319 0.0300000 1.00000 -0.806395
17 2.86665 2.32664 0.0300000 1.00000 -1.72320
18 2.87641 2.62722 0.0300000 1.00000 2.11001
19 2.06942 0.344479 0.0300000 1.00000 -0.405482
20 2.53289 0.881308 0.0300000 1.00000 -1.76211
49
1 0.436673 1.59512 0.0300000 1.00000 -0.151680
2 2.47728 2.94273 0.0300000 1.00000 -1.95220
3 0.104121 0.554427 0.0300000 1.00000 0.903007
4 1.77364 2.15517 0.0300000 1.00000 -5.42094
5 2.22970 2.18876 0.0300000 1.00000 -2.34315
6 1.21921 2.00009 0.0300000 1.00000 -3.14821
7 1.98184 2.77047 0.0300000 1.00000 -2.50834
8 1.32714 0.232193 0.0300000 1.00000 -3.82864
9 0.884504 1.73851 0.0300000 1.00000 -3.37655
10 0.612120 3.05642 0.0300000 1.00000 -3.47936
11 1.83289 1.04532 0.0300000 1.00000 -4.49176
12 0.402085 1.03180 0.0300000 1.00000 -2.26889
13 2.36525 2.54944 0.0300000 1.00000 -4.35041
14 1.68642 1.91246 0.0300000 1.00000 -2.99387
15 0.399727 2.62766 0.0300000 1.00000 -3.35375
16 1.69898 1.29154 0.0300000 1.00000 -2.62693
17 2.86209 2.29699 0.0300000 1.00000 -0.285280
18 2.86101 2.65296 0.0300000 1.00000 1.19691
19 2.09699 0.332645 0.0300000 1.00000 -3.46865
20 2.52718 0.851855 0.0300000 1.00000 -0.324211
50
1 0.466328 1.59059 0.0300000 1.00000 3.89346
2 2.46611 2.91489 0.0300000 1.00000 1.37249
3 0.122698 0.577983 0.0300000 1.00000 2.65171
4 1.79316 2.17795 0.0300000 1.00000 1.75749
5 2.20877 2.16727 0.0300000 1.00000 1.89360
6 1.18922 2.00029 0.0300000 1.00000 1.27780
7 1.95766 2.75272 0.0300000 1.00000 5.81803
8 1.30395 0.251220 0.0300000 1.00000 2.70922
9 0.855329 1.74549 0.0300000 1.00000 2.17650
10 0.583815 3.06636 0.0300000 1.00000 5.36208
11 1.82633 1.07459 0.0300000 1.00000 4.62064
12 0.382802 1.00881 0.0300000 1.00000 0.834598
13 2.35463 2.57749 0.0300000 1.00000 3.57730
14 1.65675 1.90804 0.0300000 1.00000 4.46556
15 0.370399 2.63398 0.0300000 1.00000 0.223114
16 1.67286 1.27677 0.0300000 1.00000 5.72947
17 2.89088 2.28855 0.0300000 1.00000 3.47549
18 2.87196 2.68089 0.0300000 1.00000 2.36778
19 2.06858 0.342283 0.0300000 1.00000 0.561630
20 2.55562 0.842298 0.0300000 1.00000 5.15965
51
1 0.444416 1.57010 0.0300000 1.00000 1.64004
2 2.47202 2.94430 0.0300000 1.00000 2.64799
3 0.0962266 0.592099 0.0300000 1.00000 2.45776
4 1.78759 2.20743 0.0300000 1.00000 4.28274
5 2.19925 2.19572 0.0300000 1.00000 0.285784
6 1.19788 2.02901 0.0300000 1.00000 0.135266
7 1.98447 2.73926 0.0300000 1.00000 0.183115
8 1.27671 0.263791 0.0300000 1.00000 -3.90671
9 0.838248 1.77015 0.0300000 1.00000 0.789241
10 0.601964 3.04247 0.0300000 1.00000 -1.88489
11 1.82358 1.04472 0.0300000 1.00000 1.84613
12 0.402946 1.03105 0.0300000 1.00000 5.00171
13 2.32743 2.56483 0.0300000 1.00000 3.11150
14 1.64942 1.87895 0.0300000 1.00000 3.88826
15 0.399656 2.64061 0.0300000 1.00000 -0.191638
16 1.69838 1.26100 0.0300000 1.00000 1.03952
17 2.86254 2.27872 0.0300000 1.00000 2.24642
18 2.85051 2.70186 0.0300000 1.00000 3.68172
19 2.09397 0.358260 0.0300000 1.00000 -2.26020
20 2.56859 0.815249 0.0300000 1.00000 0.551100
52
1 0.442340 1.60003 0.0300000 1.00000 -2.17487
2 2.44561 2.95851 0.0300000 1.00000 1.62712
3 0.0729718 0.611052 0.0300000 1.00000 2.32743
4 1.77510 2.18016 0.0300000 1.00000 2.67686
5 2.22803 2.20418 0.0300000 1.00000 4.68721
6 1.22761 2.03306 0.0300000 1.00000 2.01092
7 2.01397 2.74472 0.0300000 1.00000 4.58004
8 1.25507 0.284570 0.0300000 1.00000 -0.698991
9 0.859380 1.79145 0.0300000 1.00000 -1.45410
10 0.592695 3.01394 0.0300000 1.00000 0.430315
11 1.81542 1.07359 0.0300000 1.00000 4.97890
12 0.411505 1.00229 0.0300000 1.00000 -1.07560
13 2.29745 2.56573 0.0300000 1.00000 0.253320
14 1.62740 1.85858 0.0300000 1.00000 -0.339869
15 0.429107 2.63490 0.0300000 1.00000 2.72002
16 1.71358 1.28686 0.0300000 1.00000 3.05108
17 2.84377 2.30212 0.0300000 1.00000 2.52979
18 2.82478 2.68643 0.0300000 1.00000 2.89191
19 2.07489 0.335111 0.0300000 1.00000 2.66375
20 2.59415 0.830958 0.0300000 1.00000 2.62136
53
1 0.425300 1.57534 0.0300000 1.00000 -2.43207
2 2.44392 2.98847 0.0300000 1.00000 2.54309
3 0.0523774 0.632866 0.0300000 1.00000 1.23079
4 1.74828 2.19360 0.0300000 1.00000 -1.06601
5 2.22728 2.17419 0.0300000 1.00000 2.83754
6 1.21482 2.06020 0.0300000 1.00000 -3.69527
7 2.01001 2.71499 0.0300000 1.00000 -3.84022
8 1.27803 0.265266 0.0300000 1.00000 -2.62589
9 0.862873 1.76165 0.0300000 1.00000 0.603692
10 0.619960 3.02646 0.0300000 1.00000 -3.20223
11 1.82332 1.04465 0.0300000 1.00000 -3.94224
12 0.425761 0.975896 0.0300000 1.00000 -0.339028
13 2.32649 2.57325 0.0300000 1.00000 3.97216
14 1.65569 1.84858 0.0300000 1.00000 -5.22208
15 0.401733 2.64718 0.0300000 1.00000 -3.49102
16 1.68370 1.28957 0.0300000 1.00000 -1.55507
17 2.81922 2.31936 0.0300000 1.00000 1.54571
18 2.79571 2.69384 0.0300000 1.00000 4.23804
19 2.04825 0.348907 0.0300000 1.00000 0.399685
20 2.56812 0.845870 0.0300000 1.00000 1.35428
54
1 0.402540 1.55579 0.0300000 1.00000 1.66835
2 2.41913 3.00537 0.0300000 1.00000 1.51095
3 0.0623823 0.661149 0.0300000 1.00000 2.09810
4 1.76279 2.16734 0.0300000 1.00000 -0.220956
5 2.19865 2.18317 0.0300000 1.00000 5.25537
6 1.18931 2.07597 0.0300000 1.00000 0.343938
7 1.98704 2.73428 0.0300000 1.00000 0.484997
8 1.25193 0.250472 0.0300000 1.00000 4.32266
9 0.887570 1.77868 0.0300000 1.00000 4.09041
10 0.590015 3.02827 0.0300000 1.00000 0.730111
11 1.80244 1.06618 0.0300000 1.00000 2.08391
12 0.454053 0.965919 0.0300000 1.00000 1.30780
13 2.30625 2.55110 0.0300000 1.00000 1.86865
14 1.67032 1.87476 0.0300000 1.00000 5.67445
15 0.373546 2.65745 0.0300000 1.00000 5.42206
16 1.68417 1.25958 0.0300000 1.00000 3.97812
17 2.81997 2.34935 0.0300000 1.00000 3.27136
18 2.78201 2.66715 0.0300000 1.00000 4.21229
19 2.07589 0.360581 0.0300000 1.00000 1.48805
20 2.57457 0.875170 0.0300000 1.00000 1.20405
55
1 0.399618 1.58565 0.0300000 1.00000 2.78278
2 2.42093 3.03531 0.0300000 1.00000 -2.81198
3 0.0472861 0.687074 0.0300000 1.00000 2.27683
4 1.79206 2.16077 0.0300000 1.00000 -0.0858362
5 2.21415 2.15749 0.0300000 1.00000 -1.02863
6 1.21755 2.08609 0.0300000 1.00000 -1.27292
7 2.01358 2.74827 0.0300000 1.00000 2.86290
8 1.24054 0.222722 0.0300000 1.00000 0.971130
9 0.870091 1.75430 0.0300000 1.00000 -1.85694
10 0.612368 3.04828 0.0300000 1.00000 -1.68275
11 1.78771 1.09232 0.0300000 1.00000 0.576217
12 0.461853 0.994887 0.0300000 1.00000 2.88543
13 2.29745 2.57978 0.0300000 1.00000 0.977001
14 1.69493 1.85761 0.0300000 1.00000 -2.08171
15 0.393094 2.63469 0.0300000 1.00000 1.41773
16 1.66407 1.23731 0.0300000 1.00000 -1.85621
17 2.79022 2.34546 0.0300000 1.00000 1.95360
18 2.76762 2.64083 0.0300000 1.00000 1.50864
19 2.07837 0.390478 0.0300000 1.00000 -0.837898
20 2.58532 0.903175 0.0300000 1.00000 -0.922596
56
1 0.371529 1.59618 0.0300000 1.00000 -0.770083
2 2.39254 3.02560 0.0300000 1.00000 -0.422874
3 0.0278215 0.709902 0.0300000 1.00000 -2.73802
4 1.82195 2.15820 0.0300000 1.00000 -0.924462
5 2.22963 2.13179 0.0300000 1.00000 -0.0869823
6 1.22635 2.05741 0.0300000 1.00000 -0.615955
7 1.98474 2.75652 0.0300000 1.00000 -3.44782
8 1.25747 0.247487 0.0300000 1.00000 -3.17346
9 0.861623 1.72552 0.0300000 1.00000 -5.17730
10 0.609017 3.01847 0.0300000 1.00000 -4.23287
11 1.81286 1.10866 0.0300000 1.00000 -0.633062
12 0.432832 1.00249 0.0300000 1.00000 -0.577478
13 2.31424 2.60465 0.0300000 1.00000 -0.114724
14 1.68026 1.83144 0.0300000 1.00000 0.297751
15 0.397668 2.66434 0.0300000 1.00000 -2.98427
16 1.65563 1.20852 0.0300000 1.00000 -4.32741
17 2.77902 2.37329 0.0300000 1.00000 -1.96566
18 2.76948 2.67077 0.0300000 1.00000 -3.36108
19 2.09844 0.368181 0.0300000 1.00000 0.0520014
20 2.60344 0.879259 0.0300000 1.00000 1.69320
57
1 0.393064 1.57530 0.0300000 1.00000 -1.78241
2 2.41990 3.01329 0.0300000 1.00000 -0.618744
3 0.000231544 0.698121 0.0300000 1.00000 -1.08223
4 1.84001 2.13425 0.0300000 1.00000 2.50833
5 2.25952 2.12918 0.0300000 1.00000 2.11395
6 1.25084 2.04008 0.0300000 1.00000 1.70131
7 1.95613 2.76557 0.0300000 1.00000 -0.666272
8 1.22748 0.248443 0.0300000 1.00000 1.45702
9 0.875073 1.75234 0.0300000 1.00000 -3.75536
10 0.595176 3.04509 0.0300000 1.00000 -2.58125
11 1.83705 1.09091 0.0300000 1.00000 -2.45904
12 0.457967 0.986111 0.0300000 1.00000 -3.36206
13 2.34404 2.60121 0.0300000 1.00000 1.27799
14 1.70894 1.84024 0.0300000 1.00000 -1.69091
15 0.368038 2.65964 0.0300000 1.00000 -0.0942953
16 1.64436 1.23633 0.0300000 1.00000 -0.559025
17 2.76747 2.34560 0.0300000 1.00000 -2.80565
18 2.74020 2.67730 0.0300000 1.00000 0.982847
19 2.12840 0.369740 0.0300000 1.00000 2.31575
20 2.59977 0.909035 0.0300000 1.00000 -1.39635
58
1 0.386763 1.54597 0.0300000 1.00000 -0.510656
2 2.44434 2.99589 0.0300000 1.00000 1.26192
3 0.0143123 0.671631 0.0300000 1.00000 -1.19276
4 1.81583 2.15200 0.0300000 1.00000 -3.49431
5 2.24401 2.15487 0.0300000 1.00000 2.16569
6 1.24694 2.06982 0.0300000 1.00000 -4.33407
7 1.97972 2.74702 0.0300000 1.00000 -3.44942
8 1.23089 0.278249 0.0300000 1.00000 -0.199954
9 0.850549 1.76962 0.0300000 1.00000 0.363220
10 0.569764 3.02914 0.0300000 1.00000 -1.74929
11 1.81377 1.07199 0.0300000 1.00000 -2.32383
12 0.428693 0.992671 0.0300000 1.00000 -4.91293
13 2.35270 2.62994 0.0300000 1.00000 3.29388
14 1.70535 1.81046 0.0300000 1.00000 -4.94504
15 0.397905 2.65681 0.0300000 1.00000 -3.64145
16 1.66979 1.22041 0.0300000 1.00000 -0.0296918
17 2.73915 2.33571 0.0300000 1.00000 -0.314246
18 2.75684 2.70226 0.0300000 1.00000 -0.00142146
19 2.10806 0.391794 0.0300000 1.00000 -4.52324
20 2.60498 0.879490 0.0300000 1.00000 -0.0297520
59
1 0.412936 1.53130 0.0300000 1.00000 0.273764
2 2.45346 3.02447 0.0300000 1.00000 2.42757
3 0.0253853 0.643749 0.0300000 1.00000 -2.28453
4 1.78768 2.16236 0.0300000 1.00000 0.108889
5 2.22720 2.17971 0.0300000 1.00000 4.10688
6 1.23586 2.09770 0.0300000 1.00000 4.43281
7 1.95113 2.75611 0.0300000 1.00000 -1.12050
8 1.26029 0.272291 0.0300000 1.00000 0.195660
9 0.878591 1.78028 0.0300000 1.00000 -1.36350
10 0.564438 2.99962 0.0300000 1.00000 2.90137
11 1.79326 1.05010 0.0300000 1.00000 -1.40506
12 0.434669 1.02207 0.0300000 1.00000 0.0456141
13 2.32305 2.62538 0.0300000 1.00000 1.25738
14 1.71227 1.83965 0.0300000 1.00000 -1.22810
15 0.371575 2.67119 0.0300000 1.00000 0.603363
16 1.69978 1.21952 0.0300000 1.00000 1.08545
17 2.76768 2.32644 0.0300000 1.00000 -0.410207
18 2.78684 2.70222 0.0300000 1.00000 -0.555098
19 2.10242 0.421259 0.0300000 1.00000 1.28427
20 2.63497 0.878598 0.0300000 1.00000 -0.547823
60
1 0.441818 1.53942 0.0300000 1.00000 -2.15908
2 2.43078 3.04412 0.0300000 1.00000 -3.51185
3 0.00574548 0.621071 0.0300000 1.00000 -3.20044
4 1.81750 2.16563 0.0300000 1.00000 -3.10072
5 2.21013 2.15505 0.0300000 1.00000 -0.960374
6 1.22758 2.06887 0.0300000 1.00000 -0.920399
7 1.96418 2.72910 0.0300000 1.00000 -1.12913
8 1.28972 0.278123 0.0300000 1.00000 2.33614
9 0.884766 1.75092 0.0300000 1.00000 0.694060
10 0.535299 3.00676 0.0300000 1.00000 -3.75616
11 1.79821 1.02051 0.0300000 1.00000 -0.435381
12 0.464638 1.02344 0.0300000 1.00000 -2.24307
13 2.33229 2.65392 0.0300000 1.00000 -3.26401
14 1.72235 1.81139 0.0300000 1.00000 -0.857250
15 0.396278 2.68821 0.0300000 1.00000 1.22438
16 1.71377 1.24606 0.0300000 1.00000 1.87135
17 2.79519 2.31447 0.0300000 1.00000 -1.13883
18 2.81234 2.68641 0.0300000 1.00000 2.09798
19 2.11090 0.450036 0.0300000 1.00000 1.86272
20 2.66058 0.862973 0.0300000 1.00000 -2.25646
61
1 0.425170 1.51446 0.0300000 1.00000 -3.95103
2 2.40282 3.05497 0.0300000 1.00000 -1.97559
3 3.07580 0.622836 0.0300000 1.00000 -0.381813
4 1.78753 2.16440 0.0300000 1.00000 0.0188778
5 2.22732 2.13046 0.0300000 1.00000 1.03138
6 1.24574 2.04499 0.0300000 1.00000 -1.84189
7 1.97701 2.70198 0.0300000 1.00000 -5.14885
8 1.26893 0.299757 0.0300000 1.00000 -2.49495
9 0.907825 1.77011 0.0300000 1.00000 -3.90611
10 0.510788 3.02405 0.0300000 1.00000 -2.61019
11 1.82541 1.00786 0.0300000 1.00000 -3.57217
12 0.445955 0.999966 0.0300000 1.00000 -2.75057
13 2.30252 2.65759 0.0300000 1.00000 -0.422156
14 1.74198 1.78871 0.0300000 1.00000 -0.688039
15 0.406464 2.71643 0.0300000 1.00000 1.35954
16 1.70489 1.27471 0.0300000 1.00000 -0.875632
17 2.80775 2.28723 0.0300000 1.00000 -0.711638
18 2.79725 2.71234 0.0300000 1.00000 -3.95586
19 2.10226 0.478767 0.0300000 1.00000 2.86687
20 2.64158 0.839753 0.0300000 1.00000 2.90698
62
1 0.404473 1.53618 0.0300000 1.00000 -2.81249
2 2.39100 3.02740 0.0300000 1.00000 2.27336
3 0.00363713 0.611658 0.0300000 1.00000 -3.38143
4 1.81752 2.16497 0.0300000 1.00000 2.38287
5 2.24273 2.15620 0.0300000 1.00000 2.12375
6 1.23771 2.01609 0.0300000 1.00000 -0.0931707
7 1.98969 2.72917 0.0300000 1.00000 -2.45050
8 1.24499 0.281682 0.0300000 1.00000 -2.18049
9 0.886174 1.79087 0.0300000 1.00000 -2.24819
10 0.484925 3.00885 0.0300000 1.00000 0.730788
11 1.79815 1.02038 0.0300000 1.00000 -2.56716
12 0.418219 0.988532 0.0300000 1.00000 -4.57100
13 2.32989 2.64529 0.0300000 1.00000 -0.845121
14 1.76516 1.76966 0.0300000 1.00000 -5.99907
15 0.412755 2.74577 0.0300000 1.00000 -0.529454
16 1.72411 1.25168 0.0300000 1.00000 -1.00412
17 2.83047 2.26764 0.0300000 1.00000 2.45015
18 2.77665 2.73415 0.0300000 1.00000 2.49238
19 2.07339 0.486905 0.0300000 1.00000 -0.522923
20 2.61240 0.846727 0.0300000 1.00000 -1.49068
63
1 0.376083 1.52648 0.0300000 1.00000 -3.46056
2 2.37162 3.05030 0.0300000 1.00000 2.79101
3 3.07450 0.618784 0.0300000 1.00000 0.185323
4 1.79575 2.18561 0.0300000 1.00000 3.77392
5 2.22698 2.18173 0.0300000 1.00000 4.66297
6 1.26758 2.01329 0.0300000 1.00000 -2.78576
7 1.96657 2.71005 0.0300000 1.00000 5.15391
8 1.22781 0.257087 0.0300000 1.00000 -0.700246
9 0.867371 1.76750 0.0300000 1.00000 -2.15284
10 0.507265 3.02888 0.0300000 1.00000 0.0137006
11 1.77296 1.00408 0.0300000 1.00000 -1.93690
12 0.413992 1.01823 0.0300000 1.00000 -4.94808
13 2.34979 2.62285 0.0300000 1.00000 2.46470
14 1.79395 1.77807 0.0300000 1.00000 -4.46019
15 0.438647 2.73061 0.0300000 1.00000 -2.27851
16 1.74021 1.22637 0.0300000 1.00000 -3.46642
17 2.80736 2.28677 0.0300000 1.00000 0.512480
18 2.75276 2.75229 0.0300000 1.00000 3.61390
19 2.09938 0.471923 0.0300000 1.00000 -1.04605
20 2.61480 0.816823 0.0300000 1.00000 1.63693
64
1 0.347597 1.53589 0.0300000 1.00000 -0.355371
2 2.34344 3.06060 0.0300000 1.00000 -5.39158
3 0.00398213 0.624312 0.0300000 1.00000 -1.14239
4 1.77155 2.16787 0.0300000 1.00000 -5.24839
5 2.22549 2.15177 0.0300000 1.00000 -3.02761
6 1.23946 2.00284 0.0300000 1.00000 -4.10159
7 1.97939 2.68293 0.0300000 1.00000 -2.50866
8 1.25075 0.237755 0.0300000 1.00000 3.41611
9 0.850879 1.74244 0.0300000 1.00000 -1.74056
10 0.537262 3.02929 0.0300000 1.00000 -1.67426
11 1.76222 0.976071 0.0300000 1.00000 1.98653
12 0.420997 1.04740 0.0300000 1.00000 0.0380172
13 2.32641 2.64164 0.0300000 1.00000 -3.22101
14 1.78647 1.80712 0.0300000 1.00000 -1.51690
15 0.419144 2.70782 0.0300000 1.00000 -4.51123
16 1.71178 1.23594 0.0300000 1.00000 -2.10705
17 2.83351 2.30148 0.0300000 1.00000 -2.96458
18 2.72604 2.73864 0.0300000 1.00000 -4.74983
19 2.11441 0.445959 0.0300000 1.00000 -5.13242
20 2.61282 0.846757 0.0300000 1.00000 -3.04789
65
1 0.375722 1.52545 0.0300000 1.00000 -2.75821
2 2.36229 3.08394 0.0300000 1.00000 1.45369
3 0.0164447 0.597023 0.0300000 1.00000 -3.51758
4 1.78687 2.19367 0.0300000 1.00000 -2.89168
5 2.19569 2.14836 0.0300000 1.00000 2.35097
6 1.22225 2.02742 0.0300000 1.00000 6.24271
7 1.95520 2.66518 0.0300000 1.00000 -1.90323
8 1.22188 0.229623 0.0300000 1.00000 1.04596
9 0.845810 1.71287 0.0300000 1.00000 -0.232102
10 0.534164 2.99945 0.0300000 1.00000 -0.490596
11 1.75010 1.00352 0.0300000 1.00000 -1.50741
12 0.450976 1.04854 0.0300000 1.00000 -2.37674
13 2.29650 2.64402 0.0300000 1.00000 4.43573
14 1.78808 1.77716 0.0300000 1.00000 3.68630
15 0.413150 2.73721 0.0300000 1.00000 1.13811
16 1.69645 1.21015 0.0300000 1.00000 4.27655
17 2.80398 2.29619 0.0300000 1.00000 5.72774
18 2.72716 2.76862 0.0300000 1.00000 2.81018
19 2.12664 0.473351 0.0300000 1.00000 -0.0633638
20 2.58295 0.843950 0.0300000 1.00000 2.03859
66
1 0.347900 1.51423 0.0300000 1.00000 0.459004
2 2.36579 0.0137352 0.0300000 1.00000 -0.383874
3 3.08854 0.608039 0.0300000 1.00000 -4.98418
4 1.75780 2.18625 0.0300000 1.00000 -2.90768
5 2.17459 2.16968 0.0300000 1.00000 -3.72057
6 1.25223 2.02621 0.0300000 1.00000 -3.00876
7 1.94541 2.63682 0.0300000 1.00000 -1.39545
8 1.23691 0.255585 0.0300000 1.00000 -4.68294
9 0.875006 1.70597 0.0300000 1.00000 -2.47899
10 0.560625 2.98531 0.0300000 1.00000 -2.75950
11 1.75201 0.973575 0.0300000 1.00000 -2.57694
12 0.429331 1.02777 0.0300000 1.00000 -3.79594
13 2.28831 2.61517 0.0300000 1.00000 -4.88166
14 1.76243 1.76162 0.0300000 1.00000 -0.808934
15 0.425730 2.76445 0.0300000 1.00000 -0.0773646
16 1.68379 1.18296 0.0300000 1.00000 -0.805095
17 2.82947 2.28037 0.0300000 1.00000 -5.21261
18 2.69880 2.77838 0.0300000 1.00000 0.501740
19 2.15658 0.471452 0.0300000 1.00000 -3.75135
20 2.56943 0.870728 0.0300000 1.00000 2.17061
67
1 0.374795 1.52752 0.0300000 1.00000 -3.91082
2 2.39361 0.00249971 0.0300000 1.00000 1.77240
3 3.09659 0.636937 0.0300000 1.00000 4.63808
4 1.72862 2.17929 0.0300000 1.00000 -1.71078
5 2.14948 2.18610 0.0300000 1.00000 0.201940
6 1.22249 2.02223 0.0300000 1.00000 4.77720
7 1.95065 2.60728 0.0300000 1.00000 1.00672
8 1.23602 0.285572 0.0300000 1.00000 3.56153
9 0.851354 1.68751 0.0300000 1.00000 -3.14318
10 0.532789 2.97413 0.0300000 1.00000 -0.277993
11 1.72666 0.957522 0.0300000 1.00000 -0.628830
12 0.405528 1.04603 0.0300000 1.00000 -5.59608
13 2.29336 2.64474 0.0300000 1.00000 -0.753140
14 1.78313 1.73991 0.0300000 1.00000 2.50689
15 0.455640 2.76213 0.0300000 1.00000 -0.386311
16 1.70458 1.16133 0.0300000 1.00000 3.02016
17 2.84386 2.30670 0.0300000 1.00000 3.28761
18 2.72510 2.79281 0.0300000 1.00000 -2.29266
19 2.13199 0.488632 0.0300000 1.00000 5.26854
20 2.55249 0.895491 0.0300000 1.00000 2.43672
68
1 0.353241 1.54839 0.0300000 1.00000 -4.18196
2 2.38760 0.0318921 0.0300000 1.00000 0.287957
3 3.09437 0.607020 0.0300000 1.00000 -2.35457
4 1.72443 2.14959 0.0300000 1.00000 -3.58133
5 2.17887 2.19211 0.0300000 1.00000 -3.74520
6 1.22443 1.99229 0.0300000 1.00000 -2.48944
7 1.96669 2.63264 0.0300000 1.00000 -4.12367
8 1.20863 0.273341 0.0300000 1.00000 -1.85206
9 0.821354 1.68756 0.0300000 1.00000 -3.72416
10 0.561637 2.96589 0.0300000 1.00000 2.64369
11 1.75092 0.939876 0.0300000 1.00000 -2.34030
12 0.428720 1.06506 0.0300000 1.00000 -2.71098
13 2.31525 2.62422 0.0300000 1.00000 -2.74112
14 1.75898 1.75770 0.0300000 1.00000 -4.49250
15 0.483429 2.75083 0.0300000 1.00000 -0.378140
16 1.67480 1.16496 0.0300000 1.00000 -1.50857
17 2.81418 2.30233 0.0300000 1.00000 -4.98322
18 2.70528 2.77029 0.0300000 1.00000 -0.622085
19 2.14783 0.463153 0.0300000 1.00000 -0.618314
20 2.52964 0.914929 0.0300000 1.00000 0.273120
69
1 0.338064 1.57426 0.0300000 1.00000 1.52171
2 2.41637 0.0404119 0.0300000 1.00000 0.0854709
3 3.07319 0.585773 0.0300000 1.00000 0.0776847
4 1.69729 2.16236 0.0300000 1.00000 1.33947
5 2.15417 2.20914 0.0300000 1.00000 1.91718
6 1.20059 1.97409 0.0300000 1.00000 -2.65601
7 1.95003 2.65758 0.0300000 1.00000 3.30797
8 1.20030 0.244520 0.0300000 1.00000 -3.50298
9 0.796303 1.70406 0.0300000 1.00000 5.81990
10 0.535279 2.98022 0.0300000 1.00000 4.57274
11 1.73005 0.918328 0.0300000 1.00000 -2.38103
12 0.401459 1.05254 0.0300000 1.00000 1.73316
13 2.28762 2.61252 0.0300000 1.00000 0.638369
14 1.75243 1.78698 0.0300000 1.00000 -1.21548
15 0.511310 2.73975 0.0300000 1.00000 0.662168
16 1.67667 1.13502 0.0300000 1.00000 -5.93063
17 2.82220 2.33124 0.0300000 1.00000 1.75557
18 2.72966 2.75281 0.0300000 1.00000 4.97697
19 2.17227 0.445763 0.0300000 1.00000 -0.0198105
20 2.55853 0.923021 0.0300000 1.00000 -3.49584
70
1 0.339536 1.60423 0.0300000 1.00000 1.97879
2 2.44626 0.0429729 0.0300000 1.00000 1.40030
3 0.00309740 0.588101 0.0300000 1.00000 0.782856
4 1.70417 2.19156 0.0300000 1.00000 -1.19731
5 2.14398 2.23736 0.0300000 1.00000 0.678176
6 1.17406 1.96009 0.0300000 1.00000 -1.95400
7 1.92044 2.65262 0.0300000 1.00000 -1.92837
8 1.17224 0.255127 0.0300000 1.00000 0.627282
9 0.823140 1.69066 0.0300000 1.00000 -0.653824
10 0.531103 2.95051 0.0300000 1.00000 2.45792
11 1.70832 0.897648 0.0300000 1.00000 1.29020
12 0.396609 1.08214 0.0300000 1.00000 2.91425
13 2.31172 2.63040 0.0300000 1.00000 -0.897627
14 1.76287 1.75885 0.0300000 1.00000 0.155612
15 0.534970 2.75820 0.0300000 1.00000 0.0717776
16 1.70482 1.14538 0.0300000 1.00000 -1.91726
17 2.81669 2.36073 0.0300000 1.00000 3.08401
18 2.73750 2.72386 0.0300000 1.00000 4.55326
19 2.20227 0.445169 0.0300000 1.00000 -0.971414
20 2.53039 0.933428 0.0300000 1.00000 -3.50357
71
1 0.327633 1.63177 0.0300000 1.00000 1.72681
2 2.45135 0.0725379 0.0300000 1.00000 1.90664
3 0.0243645 0.609260 0.0300000 1.00000 1.63961
4 1.71511 2.16363 0.0300000 1.00000 -2.73606
5 2.16734 2.25618 0.0300000 1.00000 0.625673
6 1.16284 1.93226 0.0300000 1.00000 -0.0817118
7 1.90994 2.62451 0.0300000 1.00000 -4.36472
8 1.19653 0.272735 0.0300000 1.00000 2.03894
9 0.846953 1.67241 0.0300000 1.00000 1.22415
10 0.507845 2.96946 0.0300000 1.00000 -0.637292
11 1.71662 0.926475 0.0300000 1.00000 -0.0770012
12 0.367381 1.08890 0.0300000 1.00000 2.82656
13 2.33042 2.60694 0.0300000 1.00000 0.997452
14 1.79251 1.76350 0.0300000 1.00000 0.393687
15 0.564892 2.76035 0.0300000 1.00000 -1.56999
16 1.69463 1.11716 0.0300000 1.00000 2.41622
17 2.78674 2.36246 0.0300000 1.00000 -4.17641
18 2.73275 2.69424 0.0300000 1.00000 -3.93176
19 2.21919 0.420398 0.0300000 1.00000 2.99768
20 2.50233 0.944051 0.0300000 1.00000 2.03089
72
1 0.322972 1.66140 0.0300000 1.00000 0.841013
2 2.44146 0.100862 0.0300000 1.00000 2.82589
3 0.0223017 0.639189 0.0300000 1.00000 2.41478
4 1.68754 2.15179 0.0300000 1.00000 1.65015
5 2.19166 2.27375 0.0300000 1.00000 4.03382
6 1.19274 1.92981 0.0300000 1.00000 3.56154
7 1.89972 2.65272 0.0300000 1.00000 1.87303
8 1.18299 0.299508 0.0300000 1.00000 -0.121004
9 0.857146 1.70063 0.0300000 1.00000 0.738219
10 0.531957 2.95161 0.0300000 1.00000 2.16126
11 1.74654 0.924167 0.0300000 1.00000 4.56485
12 0.338858 1.09820 0.0300000 1.00000 2.17483
13 2.34669 2.63215 0.0300000 1.00000 1.34036
14 1.82021 1.77501 0.0300000 1.00000 0.214709
15 0.564917 2.73035 0.0300000 1.00000 1.56071
16 1.67219 1.13706 0.0300000 1.00000 0.376109
17 2.77142 2.38825 0.0300000 1.00000 0.425181
18 2.71163 2.71555 0.0300000 1.00000 -0.655770
19 2.18950 0.424701 0.0300000 1.00000 -0.913608
20 2.48901 0.970932 0.0300000 1.00000 2.55257
73
1 0.342973 1.68376 0.0300000 1.00000 0.865217
2 2.41294 0.110176 0.0300000 1.00000 -0.437990
3 3.09988 0.659124 0.0300000 1.00000 -1.97833
4 1.68517 2.18170 0.0300000 1.00000 4.27962
5 2.17283 2.25040 0.0300000 1.00000 -1.97697
6 1.16535 1.91758 0.0300000 1.00000 1.52873
7 1.89079 2.68136 0.0300000 1.00000 1.95768
8 1.21277 0.295886 0.0300000 1.00000 3.90272
9 0.879336 1.72082 0.0300000 1.00000 -1.71653
10 0.515254 2.97653 0.0300000 1.00000 4.47329
11 1.74213 0.894493 0.0300000 1.00000 1.86276
12 0.321819 1.12289 0.0300000 1.00000 0.889795
13 2.35355 2.66135 0.0300000 1.00000 3.19886
14 1.84952 1.78140 0.0300000 1.00000 -0.615857
15 0.565219 2.76035 0.0300000 1.00000 2.50551
16 1.70009 1.14808 0.0300000 1.00000 -0.334574
17 2.79875 2.40062 0.0300000 1.00000 -0.125921
18 2.73541 2.69726 0.0300000 1.00000 0.104503
19 2.20783 0.400950 0.0300000 1.00000 1.53269
20 2.46407 0.987598 0.0300000 1.00000 -1.01414
74
1 0.362427 1.70660 0.0300000 1.00000 -0.691578
2 2.44011 0.0974528 0.0300000 1.00000 -3.17580
3 3.08799 0.631581 0.0300000 1.00000 -3.55624
4 1.67258 2.15446 0.0300000 1.00000 0.880461
5 2.16098 2.22284 0.0300000 1.00000 0.220656
6 1.16661 1.94756 0.0300000 1.00000 -0.109705
7 1.87947 2.70914 0.0300000 1.00000 -3.38537
8 1.19105 0.275194 0.0300000 1.00000 1.73209
9 0.874979 1.69113 0.0300000 1.00000 -0.401729
10 0.508149 2.94739 0.0300000 1.00000 0.756469
11 1.73349 0.923224 0.0300000 1.00000 1.68474
12 0.340706 1.14620 0.0300000 1.00000 0.906674
13 2.32359 2.65964 0.0300000 1.00000 -0.586714
14 1.87401 1.76407 0.0300000 1.00000 1.49412
15 0.541087 2.77817 0.0300000 1.00000 0.936289
16 1.72843 1.13823 0.0300000 1.00000 -3.73507
17 2.82851 2.39686 0.0300000 1.00000 -2.62308
18 2.76525 2.70039 0.0300000 1.00000 -1.02272
19 2.20897 0.430928 0.0300000 1.00000 1.13804
20 2.47992 0.962127 0.0300000 1.00000 -1.38485
75
1 0.385534 1.68747 0.0300000 1.00000 0.132864
2 2.41013 0.0984788 0.0300000 1.00000 4.40914
3 3.06053 0.643667 0.0300000 1.00000 4.40948
4 1.69169 2.17760 0.0300000 1.00000 -2.23233
5 2.19025 2.22940 0.0300000 1.00000 -1.35142
6 1.19643 1.94427 0.0300000 1.00000 -0.828710
7 1.85036 2.71638 0.0300000 1.00000 3.08851
8 1.18623 0.304805 0.0300000 1.00000 3.18609
9 0.902591 1.67940 0.0300000 1.00000 -1.66748
10 0.529967 2.96798 0.0300000 1.00000 1.71652
11 1.73008 0.953029 0.0300000 1.00000 -1.32385
12 0.359197 1.16982 0.0300000 1.00000 1.70455
13 2.34858 2.64303 0.0300000 1.00000 -0.371462
14 1.87631 1.79398 0.0300000 1.00000 2.18584
15 0.558870 2.80233 0.0300000 1.00000 2.69161
16 1.70356 1.15501 0.0300000 1.00000 1.10107
17 2.80245 2.38199 0.0300000 1.00000 -1.15709
18 2.78088 2.67478 0.0300000 1.00000 -0.205272
19 2.22155 0.458162 0.0300000 1.00000 -1.21535
20 2.48547 0.932644 0.0300000 1.00000 3.52335
76
1 0.415270 1.69144 0.0300000 1.00000 3.42976
2 2.40117 0.0698477 0.0300000 1.00000 -0.437450
3 3.05159 0.615033 0.0300000 1.00000 -0.649475
4 1.67326 2.15392 0.0300000 1.00000 2.55605
5 2.19678 2.20012 0.0300000 1.00000 -2.03805
6 1.21671 1.92216 0.0300000 1.00000 0.260531
7 1.82040 2.71797 0.0300000 1.00000 1.94537
8 1.15626 0.303470 0.0300000 1.00000 -2.39620
9 0.899695 1.64954 0.0300000 1.00000 0.382754
10 0.525611 2.99766 0.0300000 1.00000 2.27603
11 1.73741 0.923939 0.0300000 1.00000 0.664083
12 0.355196 1.19955 0.0300000 1.00000 2.59466
13 2.37653 2.63214 0.0300000 1.00000 -3.01838
14 1.85900 1.81849 0.0300000 1.00000 -1.84508
15 0.531856 2.81538 0.0300000 1.00000 5.12998
16 1.71714 1.18176 0.0300000 1.00000 1.25934
17 2.81451 2.35452 0.0300000 1.00000 1.48426
18 2.81025 2.66867 0.0300000 1.00000 0.148677
19 2.23199 0.430037 0.0300000 1.00000 -2.62912
20 2.45763 0.921468 0.0300000 1.00000 -4.16137
77
1 0.386507 1.68291 0.0300000 1.00000 1.99993
2 2.42834 0.0571388 0.0300000 1.00000 -0.844235
3 3.07548 0.596890 0.0300000 1.00000 2.46254
4 1.64826 2.17050 0.0300000 1.00000 3.73328
5 2.18327 2.17334 0.0300000 1.00000 -1.08560
6 1.24569 1.92989 0.0300000 1.00000 0.801247
7 1.80942 2.74589 0.0300000 1.00000 4.17571
8 1.13422 0.283122 0.0300000 1.00000 -1.26121
9 0.927524 1.66075 0.0300000 1.00000 2.56452
10 0.506165 3.02050 0.0300000 1.00000 -0.622851
11 1.76104 0.942429 0.0300000 1.00000 2.62489
12 0.329573 1.21516 0.0300000 1.00000 0.485518
13 2.34676 2.62845 0.0300000 1.00000 1.25598
14 1.85087 1.78961 0.0300000 1.00000 3.27470
15 0.544023 2.78795 0.0300000 1.00000 2.46258
16 1.72633 1.21032 0.0300000 1.00000 4.29025
17 2.81711 2.38441 0.0300000 1.00000 1.71602
18 2.83992 2.67311 0.0300000 1.00000 3.02369
19 2.20585 0.415327 0.0300000 1.00000 1.23412
20 2.44192 0.947027 0.0300000 1.00000 -3.19033
78
1 0.374025 1.71019 0.0300000 1.00000 -2.55771
2 2.44827 0.0347149 0.0300000 1.00000 5.42125
3 3.05213 0.615731 0.0300000 1.00000 0.250692
4 1.62336 2.15377 0.0300000 1.00000 4.60025
5 2.19726 2.14680 0.0300000 1.00000 -0.0619318
6 1.26657 1.95143 0.0300000 1.00000 5.51594
7 1.79409 2.72011 0.0300000 1.00000 4.90420
8 1.14336 0.254549 0.0300000 1.00000 0.830154
9 0.902382 1.67711 0.0300000 1.00000 -5.31221
10 0.530531 3.00300 0.0300000 1.00000 0.502397
11 1.73495 0.957250 0.0300000 1.00000 0.768918
12 0.356106 1.22916 0.0300000 1.00000 -2.66598
13 2.35605 2.65698 0.0300000 1.00000 -4.77994
14 1.82114 1.78563 0.0300000 1.00000 1.84012
15 0.520678 2.80680 0.0300000 1.00000 5.32130
16 1.71404 1.18295 0.0300000 1.00000 0.703194
17 2.81277 2.41409 0.0300000 1.00000 -1.09883
18 2.81013 2.67664 0.0300000 1.00000 -5.56361
19 2.21576 0.443643 0.0300000 1.00000 0.563666
20 2.41195 0.948489 0.0300000 1.00000 5.32760
79
1 0.348995 1.69366 0.0300000 1.00000 -1.41801
2 2.46780 0.0119418 0.0300000 1.00000 1.58095
3 3.08120 0.623174 0.0300000 1.00000 -2.76640
4 1.62000 2.12396 0.0300000 1.00000 -0.904242
5 2.22720 2.14494 0.0300000 1.00000 2.33227
6 1.28816 1.93061 0.0300000 1.00000 2.50426
7 1.79981 2.69066 0.0300000 1.00000 -2.31663
8 1.16360 0.276690 0.0300000 1.00000 3.17839
9 0.919317 1.70188 0.0300000 1.00000 0.0101930
10 0.556824 3.01745 0.0300000 1.00000 0.513983
11 1.75651 0.978110 0.0300000 1.00000 -2.74859
12 0.329435 1.21542 0.0300000 1.00000 1.89521
13 2.35807 2.68691 0.0300000 1.00000 -1.02399
14 1.81316 1.81454 0.0300000 1.00000 -2.06457
15 0.537837 2.78219 0.0300000 1.00000 -2.60495
16 1.73692 1.20235 0.0300000 1.00000 0.341183
17 2.82640 2.38737 0.0300000 1.00000 -1.01578
18 2.83269 2.69641 0.0300000 1.00000 -0.249841
19 2.24112 0.459672 0.0300000 1.00000 -0.492694
20 2.42927 0.923990 0.0300000 1.00000 0.822144
80
1 0.353561 1.66400 0.0300000 1.00000 -5.35138
2 2.46750 0.0419402 0.0300000 1.00000 4.38083
3 3.05328 0.612180 0.0300000 1.00000 3.27264
4 1.63855 2.10038 0.0300000 1.00000 -1.41047
5 2.20650 2.16666 0.0300000 1.00000 -0.593358
6 1.26405 1.94846 0.0300000 1.00000 -0.520125
7 1.77945 2.66863 0.0300000 1.00000 -1.43622
8 1.13362 0.275586 0.0300000 1.00000 0.748311
9 0.949315 1.70218 0.0300000 1.00000 -0.476742
10 0.582948 3.03220 0.0300000 1.00000 -1.82036
11 1.72880 0.966622 0.0300000 1.00000 4.83927
12 0.319873 1.24385 0.0300000 1.00000 -4.26557
13 2.37367 2.66128 0.0300000 1.00000 0.703652
14 1.79894 1.78813 0.0300000 1.00000 -4.27701
15 0.512054 2.76685 0.0300000 1.00000 -3.22384
16 1.76519 1.21239 0.0300000 1.00000 -0.253113
17 2.84221 2.36187 0.0300000 1.00000 -1.27879
18 2.86176 2.68899 0.0300000 1.00000 -2.57697
19 2.26755 0.445482 0.0300000 1.00000 5.67814
20 2.44969 0.945968 0.0300000 1.00000 2.28201
81
1 0.371452 1.68809 0.0300000 1.00000 -1.89242
2 2.45773 0.0135741 0.0300000 1.00000 -0.902373
3 3.02354 0.608260 0.0300000 1.00000 1.06079
4 1.64334 2.07076 0.0300000 1.00000 2.20278
5 2.23137 2.14988 0.0300000 1.00000 2.17852
6 1.29008 1.93355 0.0300000 1.00000 0.265826
7 1.78347 2.63890 0.0300000 1.00000 -0.712243
8 1.15561 0.295998 0.0300000 1.00000 -1.08796
9 0.975970 1.68842 0.0300000 1.00000 -2.14106
10 0.575538 3.00313 0.0300000 1.00000 1.70228
11 1.73260 0.936863 0.0300000 1.00000 -1.84465
12 0.306910 1.27091 0.0300000 1.00000 -3.02613
13 2.39655 2.68069 0.0300000 1.00000 1.09221
14 1.78629 1.81533 0.0300000 1.00000 1.86388
15 0.482155 2.76931 0.0300000 1.00000 -0.752028
16 1.79424 1.20488 0.0300000 1.00000 -2.32346
17 2.85085 2.33314 0.0300000 1.00000 0.129989
18 2.83641 2.67294 0.0300000 1.00000 1.68905
19 2.29222 0.428418 0.0300000 1.00000 -1.45768
20 2.43011 0.968695 0.0300000 1.00000 -1.87959
82
1 0.361969 1.65962 0.0300000 1.00000 0.749767
2 2.47633 3.09003 0.0300000 1.00000 -3.58097
3 3.03818 0.634442 0.0300000 1.00000 -2.59566
4 1.62561 2.09497 0.0300000 1.00000 0.340271
5 2.21424 2.17451 0.0300000 1.00000 -1.58919
6 1.31903 1.94143 0.0300000 1.00000 0.0287655
7 1.80618 2.61929 0.0300000 1.00000 0.390698
8 1.16954 0.269428 0.0300000 1.00000 -2.52024
9 0.959774 1.66316 0.0300000 1.00000 0.508109
10 0.571605 3.03287 0.0300000 1.00000 -0.548653
11 1.72448 0.907981 0.0300000 1.00000 -1.65953
12 0.277109 1.26745 0.0300000 1.00000 0.0294935
13 2.41036 2.70732 0.0300000 1.00000 1.00856
14 1.77762 1.84405 0.0300000 1.00000 -1.02739
15 0.504064 2.74882 0.0300000 1.00000 0.569219
16 1.77373 1.18298 0.0300000 1.00000 -3.59848
17 2.88060 2.33703 0.0300000 1.00000 2.18174
18 2.83288 2.70273 0.0300000 1.00000 2.00836
19 2.29561 0.398609 0.0300000 1.00000 0.177041
20 2.42099 0.940114 0.0300000 1.00000 1.85081
83
1 0.383924 1.68007 0.0300000 1.00000 -2.91383
2 2.44917 0.00279145 0.0300000 1.00000 1.41289
3 3.01255 0.618866 0.0300000 1.00000 -4.07531
4 1.65389 2.10498 0.0300000 1.00000 0.340551
5 2.21369 2.14452 0.0300000 1.00000 3.47196
6 1.34902 1.94230 0.0300000 1.00000 1.74218
7 1.83392 2.63072 0.0300000 1.00000 -0.387183
8 1.14514 0.251964 0.0300000 1.00000 -2.65253
9 0.985984 1.67776 0.0300000 1.00000 -2.98565
10 0.597202 3.01722 0.0300000 1.00000 0.476866
11 1.72182 0.878099 0.0300000 1.00000 1.57313
12 0.307096 1.26834 0.0300000 1.00000 0.741669
13 2.42635 2.73270 0.0300000 1.00000 0.477031
14 1.79313 1.81837 0.0300000 1.00000 0.600455
15 0.529334 2.76499 0.0300000 1.00000 0.895368
16 1.74681 1.19622 0.0300000 1.00000 -2.58579
17 2.86339 2.36161 0.0300000 1.00000 -0.816905
18 2.82016 2.72990 0.0300000 1.00000 2.80059
19 2.32514 0.403893 0.0300000 1.00000 -3.28876
20 2.41270 0.968946 0.0300000 1.00000 -3.22119
84
1 0.354699 1.67329 0.0300000 1.00000 -0.507748
2 2.45389 0.0324182 0.0300000 1.00000 4.11482
3 2.99470 0.642981 0.0300000 1.00000 2.33941
4 1.68217 2.11500 0.0300000 1.00000 -0.620867
5 2.18531 2.13479 0.0300000 1.00000 -2.61419
6 1.34390 1.97186 0.0300000 1.00000 -0.220393
7 1.86170 2.61939 0.0300000 1.00000 -1.66591
8 1.11866 0.237870 0.0300000 1.00000 -0.533135
9 0.956348 1.67310 0.0300000 1.00000 -0.619780
10 0.623855 3.03099 0.0300000 1.00000 0.0181753
11 1.72175 0.908099 0.0300000 1.00000 4.76528
12 0.329217 1.28860 0.0300000 1.00000 -1.50872
13 2.45300 2.74648 0.0300000 1.00000 -2.36136
14 1.81788 1.83532 0.0300000 1.00000 1.71375
15 0.548091 2.78840 0.0300000 1.00000 3.49526
16 1.72132 1.18039 0.0300000 1.00000 -0.572545
17 2.88392 2.33974 0.0300000 1.00000 -0.295239
18 2.79189 2.73994 0.0300000 1.00000 -0.874212
19 2.29546 0.408292 0.0300000 1.00000 0.114788
20 2.38279 0.971331 0.0300000 1.00000 3.24006
85
1 0.380914 1.65871 0.0300000 1.00000 -1.58042
2 2.43701 0.00761707 0.0300000 1.00000 -3.49649
3 2.97385 0.664547 0.0300000 1.00000 -2.12033
4 1.70657 2.09755 0.0300000 1.00000 -1.04056
5 2.15939 2.11969 0.0300000 1.00000 -1.62114
6 1.37318 1.96530 0.0300000 1.00000 -1.57730
7 1.85885 2.58952 0.0300000 1.00000 -1.48133
8 1.14450 0.222623 0.0300000 1.00000 1.07300
9 0.980768 1.65568 0.0300000 1.00000 2.13104
10 0.653850 3.03154 0.0300000 1.00000 -0.147905
11 1.72334 0.878141 0.0300000 1.00000 -1.09438
12 0.331078 1.25866 0.0300000 1.00000 0.763188
13 2.43168 2.72538 0.0300000 1.00000 0.721141
14 1.81361 1.86502 0.0300000 1.00000 -1.89956
15 0.519948 2.77801 0.0300000 1.00000 1.06032
16 1.74654 1.16413 0.0300000 1.00000 -1.05204
17 2.91262 2.33101 0.0300000 1.00000 -1.55651
18 2.81114 2.71693 0.0300000 1.00000 -0.479483
19 2.32527 0.411728 0.0300000 1.00000 -2.38173
20 2.35294 0.968382 0.0300000 1.00000 -3.11443
86
1 0.380626 1.62871 0.0300000 1.00000 0.263170
2 2.40888 0.0180418 0.0300000 1.00000 -1.83185
3 2.95818 0.638964 0.0300000 1.00000 -3.75683
4 1.72174 2.07167 0.0300000 1.00000 2.11420
5 2.15788 2.08972 0.0300000 1.00000 -1.68293
6 1.37298 1.93530 0.0300000 1.00000 0.542161
7 1.86153 2.55964 0.0300000 1.00000 0.834441
8 1.15882 0.248982 0.0300000 1.00000 -5.06735
9 0.964827 1.68109 0.0300000 1.00000 -0.319593
10 0.683523 3.02712 0.0300000 1.00000 -0.478331
11 1.73710 0.851481 0.0300000 1.00000 -2.54684
12 0.352757 1.27940 0.0300000 1.00000 -0.974520
13 2.45421 2.74518 0.0300000 1.00000 1.77178
14 1.80392 1.83662 0.0300000 1.00000 1.33565
15 0.534606 2.80419 0.0300000 1.00000 -3.61891
16 1.76141 1.13808 0.0300000 1.00000 -1.27966
17 2.91305 2.30101 0.0300000 1.00000 -3.69855
18 2.83776 2.70309 0.0300000 1.00000 -0.172422
19 2.30352 0.391063 0.0300000 1.00000 -3.72473
20 2.32295 0.967567 0.0300000 1.00000 -0.0799984
87
1 0.409593 1.63651 0.0300000 1.00000 3.21841
2 2.40114 3.08906 0.0300000 1.00000 3.20621
3 2.93368 0.656278 0.0300000 1.00000 4.23487
4 1.70623 2.09735 0.0300000 1.00000 2.49567
5 2.15452 2.05991 0.0300000 1.00000 1.97327
6 1.39868 1.95078 0.0300000 1.00000 -1.28040
7 1.88168 2.58187 0.0300000 1.00000 2.31301
8 1.16925 0.277111 0.0300000 1.00000 -0.925880
9 0.993308 1.67166 0.0300000 1.00000 1.74870
10 0.710156 3.01331 0.0300000 1.00000 -1.74345
11 1.71225 0.834672 0.0300000 1.00000 0.140902
12 0.369604 1.25458 0.0300000 1.00000 3.42089
13 2.44823 2.77458 0.0300000 1.00000 2.42637
14 1.81091 1.86580 0.0300000 1.00000 2.65421
15 0.507959 2.81797 0.0300000 1.00000 0.415598
16 1.77002 1.10934 0.0300000 1.00000 3.13880
17 2.88759 2.31687 0.0300000 1.00000 -1.40599
18 2.86731 2.69794 0.0300000 1.00000 0.356164
19 2.27848 0.407582 0.0300000 1.00000 3.46047
20 2.35285 0.965169 0.0300000 1.00000 1.68491
88
1 0.379681 1.63421 0.0300000 1.00000 1.30953
2 2.37120 3.08712 0.0300000 1.00000 0.814747
3 2.91989 0.629634 0.0300000 1.00000 -4.83927
4 1.68228 2.11541 0.0300000 1.00000 4.54225
5 2.14277 2.08752 0.0300000 1.00000 3.10547
6 1.40727 1.92203 0.0300000 1.00000 2.09737
7 1.86140 2.60398 0.0300000 1.00000 2.82966
8 1.18728 0.253137 0.0300000 1.00000 3.83278
9 0.987999 1.70119 0.0300000 1.00000 5.76911
10 0.705002 2.98375 0.0300000 1.00000 3.56331
11 1.74195 0.838885 0.0300000 1.00000 1.96498
12 0.340766 1.24630 0.0300000 1.00000 0.980199
13 2.42558 2.79425 0.0300000 1.00000 0.997032
14 1.78441 1.87985 0.0300000 1.00000 2.28166
15 0.535405 2.83008 0.0300000 1.00000 1.43455
16 1.74002 1.10943 0.0300000 1.00000 5.18841
17 2.89251 2.28727 0.0300000 1.00000 5.18174
18 2.89543 2.70840 0.0300000 1.00000 1.13273
19 2.24999 0.398178 0.0300000 1.00000 -4.74427
20 2.34944 0.994974 0.0300000 1.00000 -4.80330
89
1 0.387430 1.66319 0.0300000 1.00000 -0.648907
2 2.39178 0.00894775 0.0300000 1.00000 -0.238616
3 2.92369 0.659393 0.0300000 1.00000 1.25526
4 1.67720 2.08584 0.0300000 1.00000 -1.51379
5 2.11279 2.08860 0.0300000 1.00000 2.65235
6 1.39219 1.94797 0.0300000 1.00000 -0.188154
7 1.83285 2.61319 0.0300000 1.00000 0.408532
8 1.16417 0.234013 0.0300000 1.00000 1.97108
9 1.01412 1.68644 0.0300000 1.00000 -0.329716
10 0.677630 2.97147 0.0300000 1.00000 3.67741
11 1.73043 0.866585 0.0300000 1.00000 -0.867787
12 0.357472 1.27122 0.0300000 1.00000 1.23771
13 2.44186 2.81945 0.0300000 1.00000 0.291244
14 1.76483 1.90258 0.0300000 1.00000 -0.799120
15 0.539480 2.85980 0.0300000 1.00000 0.188076
16 1.75377 1.08276 0.0300000 1.00000 2.86315
17 2.90608 2.26052 0.0300000 1.00000 0.354299
18 2.90815 2.73557 0.0300000 1.00000 3.43714
19 2.25094 0.428162 0.0300000 1.00000 1.21700
20 2.35216 1.02485 0.0300000 1.00000 2.35761
90
1 0.411333 1.64506 0.0300000 1.00000 -3.39589
2 2.42093 0.00185700 0.0300000 1.00000 -2.28296
3 2.93300 0.687912 0.0300000 1.00000 2.40187
4 1.67891 2.05589 0.0300000 1.00000 0.435844
5 2.08631 2.10270 0.0300000 1.00000 -1.38034
6 1.42166 1.94236 0.0300000 1.00000 1.48193
7 1.86038 2.62511 0.0300000 1.00000 0.209167
8 1.15248 0.261642 0.0300000 1.00000 -2.25592
9 1.04251 1.67673 0.0300000 1.00000 1.40602
10 0.651835 2.95616 0.0300000 1.00000 -2.46117
11 1.74983 0.843698 0.0300000 1.00000 1.90255
12 0.367281 1.29957 0.0300000 1.00000 -3.13396
13 2.47060 2.82806 0.0300000 1.00000 -1.77660
14 1.78575 1.88108 0.0300000 1.00000 -0.628318
15 0.568951 2.86541 0.0300000 1.00000 0.320946
16 1.72493 1.09101 0.0300000 1.00000 1.49472
17 2.93421 2.27093 0.0300000 1.00000 -1.56207
18 2.87945 2.72683 0.0300000 1.00000 0.156255
19 2.26134 0.456304 0.0300000 1.00000 2.63679
20 2.33092 1.04603 0.0300000 1.00000 1.64641
91
1 0.382298 1.65261 0.0300000 1.00000 4.12776
2 2.40133 3.07915 0.0300000 1.00000 0.261498
3 2.91084 0.708135 0.0300000 1.00000 2.24624
4 1.70610 2.06855 0.0300000 1.00000 -1.00313
5 2.09199 2.07324 0.0300000 1.00000 1.05979
6 1.42432 1.97224 0.0300000 1.00000 1.78908
7 1.88972 2.63134 0.0300000 1.00000 0.307619
8 1.13349 0.238412 0.0300000 1.00000 4.22118
9 1.04743 1.70632 0.0300000 1.00000 0.130683
10 0.628516 2.93728 0.0300000 1.00000 3.77012
11 1.74006 0.872062 0.0300000 1.00000 1.52749
12 0.337282 1.29935 0.0300000 1.00000 1.70664
13 2.46447 2.79870 0.0300000 1.00000 3.05022
14 1.81002 1.86344 0.0300000 1.00000 0.585780
15 0.597419 2.87488 0.0300000 1.00000 2.76320
16 1.72721 1.12092 0.0300000 1.00000 0.453843
17 2.93448 2.24093 0.0300000 1.00000 -0.893512
18 2.90909 2.73150 0.0300000 1.00000 1.40209
19 2.23508 0.470813 0.0300000 1.00000 2.63667
20 2.32865 1.07595 0.0300000 1.00000 2.44960
92
1 0.365741 1.62759 0.0300000 1.00000 0.0451738
2 2.43031 3.08690 0.0300000 1.00000 1.37300
3 2.89208 0.731547 0.0300000 1.00000 0.512017
4 1.72223 2.04326 0.0300000 1.00000 1.47798
5 2.10666 2.09941 0.0300000 1.00000 -2.37677
6 1.41783 2.00153 0.0300000 1.00000 0.611358
7 1.91832 2.64042 0.0300000 1.00000 -0.857647
8 1.11934 0.211959 0.0300000 1.00000 2.78064
9 1.07717 1.71023 0.0300000 1.00000 3.12238
10 0.604249 2.91964 0.0300000 1.00000 -0.356297
11 1.74135 0.902034 0.0300000 1.00000 2.33772
12 0.333219 1.32907 0.0300000 1.00000 -2.10123
13 2.43459 2.80143 0.0300000 1.00000 1.07580
14 1.83502 1.88003 0.0300000 1.00000 0.608874
15 0.569541 2.88596 0.0300000 1.00000 0.895460
16 1.75417 1.13407 0.0300000 1.00000 1.38045
17 2.95328 2.21755 0.0300000 1.00000 1.77931
18 2.91413 2.76107 0.0300000 1.00000 1.00524
19 2.20882 0.485326 0.0300000 1.00000 4.60901
20 2.30555 1.09509 0.0300000 1.00000 -2.00578
93
1 0.395710 1.62895 0.0300000 1.00000 3.07692
2 2.43621 0.0163195 0.0300000 1.00000 -1.73559
3 2.91823 0.746245 0.0300000 1.00000 3.09265
4 1.72501 2.07313 0.0300000 1.00000 -1.48772
5 2.08502 2.07864 0.0300000 1.00000 2.88113
6 1.44239 2.01875 0.0300000 1.00000 1.65426
7 1.93794 2.61773 0.0300000 1.00000 -0.951322
8 1.09128 0.222554 0.0300000 1.00000 2.67731
9 1.04718 1.71080 0.0300000 1.00000 -0.594833
10 0.632365 2.90918 0.0300000 1.00000 -0.863764
11 1.72054 0.923635 0.0300000 1.00000 1.07199
12 0.318042 1.30319 0.0300000 1.00000 -1.34080
13 2.44884 2.82783 0.0300000 1.00000 -0.250033
14 1.85963 1.89719 0.0300000 1.00000 3.79381
15 0.588296 2.90938 0.0300000 1.00000 0.737456
16 1.75984 1.16353 0.0300000 1.00000 0.980692
17 2.94707 2.24690 0.0300000 1.00000 3.57552
18 2.93020 2.78640 0.0300000 1.00000 3.27450
19 2.20573 0.455486 0.0300000 1.00000 3.10333
20 2.29291 1.06788 0.0300000 1.00000 1.04307
94
1 0.365773 1.63089 0.0300000 1.00000 0.414304
2 2.43128 3.08673 0.0300000 1.00000 2.25354
3 2.88827 0.747713 0.0300000 1.00000 -0.475837
4 1.72750 2.04323 0.0300000 1.00000 -0.745289
5 2.05603 2.08636 0.0300000 1.00000 -3.01587
6 1.43989 2.04864 0.0300000 1.00000 -2.86364
7 1.95536 2.59330 0.0300000 1.00000 -4.45141
8 1.06445 0.235987 0.0300000 1.00000 5.55585
9 1.07202 1.69399 0.0300000 1.00000 -3.31936
10 0.651852 2.88637 0.0300000 1.00000 -2.13752
11 1.73489 0.949980 0.0300000 1.00000 4.19069
12 0.324881 1.27398 0.0300000 1.00000 -1.83670
13 2.47791 2.82041 0.0300000 1.00000 0.981409
14 1.83579 1.87898 0.0300000 1.00000 -3.17849
15 0.610501 2.92955 0.0300000 1.00000 2.04730
16 1.77654 1.18846 0.0300000 1.00000 -3.49276
17 2.91985 2.23429 0.0300000 1.00000 -3.68475
18 2.90047 2.78242 0.0300000 1.00000 0.434082
19 2.17575 0.456633 0.0300000 1.00000 2.59161
20 2.30802 1.09380 0.0300000 1.00000 -3.70485
95
1 0.393235 1.64296 0.0300000 1.00000 -1.28974
2 2.41236 0.0100013 0.0300000 1.00000 2.98019
3 2.91494 0.733971 0.0300000 1.00000 -0.469211
4 1.74955 2.02289 0.0300000 1.00000 2.22847
5 2.02626 2.08260 0.0300000 1.00000 4.21856
6 1.41104 2.04041 0.0300000 1.00000 0.722664
7 1.94762 2.62229 0.0300000 1.00000 0.439447
8 1.08686 0.216041 0.0300000 1.00000 -4.09547
9 1.04250 1.69930 0.0300000 1.00000 4.62569
10 0.635746 2.86106 0.0300000 1.00000 -5.77710
11 1.71994 0.923971 0.0300000 1.00000 -0.293488
12 0.316997 1.24504 0.0300000 1.00000 -5.37204
13 2.49459 2.84535 0.0300000 1.00000 0.507885
14 1.80581 1.88009 0.0300000 1.00000 5.64760
15 0.596741 2.95621 0.0300000 1.00000 -1.70571
16 1.74837 1.19878 0.0300000 1.00000 1.16397
17 2.89416 2.24979 0.0300000 1.00000 0.149603
18 2.92769 2.79504 0.0300000 1.00000 3.74890
19 2.15017 0.472313 0.0300000 1.00000 -5.76686
20 2.28265 1.10982 0.0300000 1.00000 5.88375
96
1 0.401556 1.61414 0.0300000 1.00000 -2.45478
2 2.38275 0.0148224 0.0300000 1.00000 1.22527
3 2.94169 0.720405 0.0300000 1.00000 -2.74748
4 1.73121 2.04663 0.0300000 1.00000 -1.57864
5 2.01204 2.05618 0.0300000 1.00000 0.673116
6 1.43355 2.06025 0.0300000 1.00000 2.03850
7 1.97477 2.63505 0.0300000 1.00000 -1.28543
8 1.06951 0.240511 0.0300000 1.00000 -0.521735
9 1.03990 1.66941 0.0300000 1.00000 -1.92627
10 0.661985 2.87560 0.0300000 1.00000 -1.40672
11 1.74865 0.915292 0.0300000 1.00000 2.02516
12 0.335382 1.26874 0.0300000 1.00000 -2.18968
13 2.52080 2.85994 0.0300000 1.00000 2.89120
14 1.82995 1.86228 0.0300000 1.00000 -1.38523
15 0.592706 2.92648 0.0300000 1.00000 1.25117
16 1.76024 1.22633 0.0300000 1.00000 2.79246
17 2.92383 2.25426 0.0300000 1.00000 -3.00689
18 2.90305 2.77792 0.0300000 1.00000 -2.30772
19 2.17626 0.487124 0.0300000 1.00000 -2.55533
20 2.31029 1.09815 0.0300000 1.00000 2.87023
97
1 0.378358 1.59512 0.0300000 1.00000 0.136937
2 2.39291 0.0430493 0.0300000 1.00000 -0.132778
3 2.91399 0.708886 0.0300000 1.00000 -5.01793
4 1.73097 2.01663 0.0300000 1.00000 -3.52368
5 2.03550 2.07489 0.0300000 1.00000 -4.84134
6 1.42002 2.08703 0.0300000 1.00000 -0.594884
7 1.98322 2.60627 0.0300000 1.00000 0.0607395
8 1.09551 0.225559 0.0300000 1.00000 -0.239540
9 1.02946 1.64129 0.0300000 1.00000 -5.14180
10 0.666886 2.84601 0.0300000 1.00000 -4.38482
11 1.73549 0.942248 0.0300000 1.00000 -4.75620
12 0.317979 1.24431 0.0300000 1.00000 0.687125
13 2.49173 2.86737 0.0300000 1.00000 -2.59124
14 1.83548 1.83279 0.0300000 1.00000 -3.01931
15 0.602132 2.95496 0.0300000 1.00000 0.202814
16 1.73205 1.23659 0.0300000 1.00000 -3.00397
17 2.89410 2.25023 0.0300000 1.00000 -1.69141
18 2.88289 2.75571 0.0300000 1.00000 0.208643
19 2.15127 0.470526 0.0300000 1.00000 -0.127167
20 2.28139 1.10619 0.0300000 1.00000 -0.360977
98
1 0.408077 1.59921 0.0300000 1.00000 1.27276
2 2.42264 0.0390776 0.0300000 1.00000 1.85899
3 2.92302 0.737496 0.0300000 1.00000 2.70123
4 1.70314 2.02782 0.0300000 1.00000 3.46368
5 2.03936 2.10464 0.0300000 1.00000 1.70666
6 1.44487 2.07022 0.0300000 1.00000 1.29284
7 2.01316 2.60809 0.0300000 1.00000 2.72855
8 1.12466 0.218442 0.0300000 1.00000 1.06154
9 1.04195 1.66856 0.0300000 1.00000 2.57161
10 0.657233 2.87441 0.0300000 1.00000 4.03914
11 1.73680 0.972219 0.0300000 1.00000 -0.322081
12 0.341171 1.26334 0.0300000 1.00000 -0.354755
13 2.46616 2.85168 0.0300000 1.00000 -4.01209
14 1.80571 1.82913 0.0300000 1.00000 2.90709
15 0.631517 2.96100 0.0300000 1.00000 -1.18678
16 1.70233 1.23248 0.0300000 1.00000 2.93120
17 2.89049 2.22045 0.0300000 1.00000 -2.23439
18 2.91224 2.76192 0.0300000 1.00000 -2.34808
19 2.18103 0.466722 0.0300000 1.00000 2.09168
20 2.30945 1.09560 0.0300000 1.00000 -1.98997
99
1 0.416886 1.62789 0.0300000 1.00000 1.05302
2 2.41412 0.0678404 0.0300000 1.00000 -0.00919929
3 2.89588 0.750284 0.0300000 1.00000 2.50446
4 1.67468 2.01832 0.0300000 1.00000 1.36966
5 2.03530 2.13436 0.0300000 1.00000 4.56027
6 1.45310 2.09907 0.0300000 1.00000 2.98883
7 1.98568 2.62013 0.0300000 1.00000 4.85658
8 1.13928 0.244635 0.0300000 1.00000 0.530089
9 1.01669 1.68475 0.0300000 1.00000 -0.179580
10 0.638528 2.85096 0.0300000 1.00000 -0.110591
11 1.76526 0.962723 0.0300000 1.00000 3.80168
12 0.369303 1.25291 0.0300000 1.00000 -0.160766
13 2.44683 2.87462 0.0300000 1.00000 -0.119536
14 1.77653 1.83610 0.0300000 1.00000 4.03367
15 0.642757 2.93319 0.0300000 1.00000 5.78187
16 1.67300 1.23874 0.0300000 1.00000 0.672121
17 2.87201 2.19682 0.0300000 1.00000 4.41057
18 2.89120 2.74054 0.0300000 1.00000 1.52582
19 2.16610 0.492743 0.0300000 1.00000 3.96682
20 2.29724 1.06820 0.0300000 1.00000 3.53720
