0
1 1.35579 1.44993 0.0300000 1.00000 -2.45827
2 1.26475 2.88730 0.0300000 1.00000 -1.90382
3 0.827788 0.444756 0.0300000 1.00000 -1.52079
4 0.836955 2.98603 0.0300000 1.00000 0.154261
5 1.88793 2.35144 0.0300000 1.00000 -1.67846
6 1.21071 0.863720 0.0300000 1.00000 -2.61814
7 1.03396 1.22547 0.0300000 1.00000 -2.78811
8 0.434146 2.90587 0.0300000 1.00000 0.124360
9 0.216359 2.43244 0.0300000 1.00000 -2.43708
10 0.393073 1.49048 0.0300000 1.00000 -1.80466
11 0.939189 0.670960 0.0300000 1.00000 -1.46593
12 2.27528 0.0594123 0.0300000 1.00000 -1.28707
13 0.189393 0.533918 0.0300000 1.00000 -0.725629
14 0.301220 0.245332 0.0300000 1.00000 -2.04893
15 2.93453 2.81348 0.0300000 1.00000 -1.74940
16 0.707042 1.68910 0.0300000 1.00000 -2.61511
17 2.13007 2.36951 0.0300000 1.00000 -3.42495
18 2.98740 1.77094 0.0300000 1.00000 -2.10691
19 2.64160 1.90252 0.0300000 1.00000 -2.45273
20 0.451956 2.98679 0.0300000 1.00000 -2.62579
1
1 1.33253 1.43099 0.0300000 1.00000 -2.07583
2 1.25494 2.85895 0.0300000 1.00000 -2.57474
3 0.829287 0.414793 0.0300000 1.00000 -1.70730
4 0.866599 2.99064 0.0300000 1.00000 -2.38375
5 1.88471 2.32162 0.0300000 1.00000 -2.02861
6 1.18473 0.848724 0.0300000 1.00000 -2.22488
7 1.00582 1.21508 0.0300000 1.00000 -0.997539
8 0.463914 2.90959 0.0300000 1.00000 -2.47408
9 0.193501 2.41301 0.0300000 1.00000 -2.66174
10 0.386121 1.46130 0.0300000 1.00000 -0.463622
11 0.942329 0.641124 0.0300000 1.00000 -2.42120
12 2.28367 0.0306117 0.0300000 1.00000 -1.62277
13 0.211835 0.514010 0.0300000 1.00000 -1.54607
14 0.287417 0.218696 0.0300000 1.00000 -1.47635
15 2.92920 2.78396 0.0300000 1.00000 -2.04576
16 0.681105 1.67403 0.0300000 1.00000 -1.98860
17 2.10126 2.37789 0.0300000 1.00000 -2.76845
18 2.97208 1.74515 0.0300000 1.00000 -3.39394
19 2.61844 1.88345 0.0300000 1.00000 -2.76394
20 0.425859 2.97199 0.0300000 1.00000 -1.71393
2
1 1.31801 1.40474 0.0300000 1.00000 -0.821351
2 1.22963 2.84284 0.0300000 1.00000 -1.73000
3 0.825205 0.385072 0.0300000 1.00000 -1.81021
4 0.844809 2.97002 0.0300000 1.00000 -3.22253
5 1.87145 2.29471 0.0300000 1.00000 -0.796641
6 1.16648 0.824916 0.0300000 1.00000 -3.08386
7 1.02209 1.18988 0.0300000 1.00000 -1.97085
8 0.440353 2.89102 0.0300000 1.00000 -1.16235
9 0.166890 2.39916 0.0300000 1.00000 -3.24321
10 0.412954 1.44788 0.0300000 1.00000 -3.20605
11 0.919782 0.621334 0.0300000 1.00000 -1.46907
12 2.28211 0.000652203 0.0300000 1.00000 -2.67900
13 0.212577 0.484019 0.0300000 1.00000 -0.453004
14 0.290246 0.188830 0.0300000 1.00000 -1.72358
15 2.91548 2.75728 0.0300000 1.00000 -3.45478
16 0.668933 1.64661 0.0300000 1.00000 -1.15990
17 2.07333 2.36696 0.0300000 1.00000 -3.29703
18 2.94303 1.75264 0.0300000 1.00000 -1.90313
19 2.59056 1.87238 0.0300000 1.00000 -0.831683
20 0.421579 2.94230 0.0300000 1.00000 -2.79457
3
1 1.33845 1.38277 0.0300000 1.00000 -0.585836
2 1.22487 2.81322 0.0300000 1.00000 -1.64636
3 0.818091 0.355928 0.0300000 1.00000 -1.11601
4 0.814908 2.97244 0.0300000 1.00000 -0.762408
5 1.89242 2.27326 0.0300000 1.00000 -2.08848
6 1.13653 0.823185 0.0300000 1.00000 -0.662211
7 1.01041 1.16225 0.0300000 1.00000 -1.63934
8 0.452268 2.86349 0.0300000 1.00000 -1.54248
9 0.137044 2.40221 0.0300000 1.00000 -2.70813
10 0.383017 1.44982 0.0300000 1.00000 -2.23443
11 0.922829 0.591489 0.0300000 1.00000 -2.95085
12 2.25527 3.08726 0.0300000 1.00000 -1.63102
13 0.239551 0.470889 0.0300000 1.00000 -2.77609
14 0.285680 0.159180 0.0300000 1.00000 -0.412352
15 2.88694 2.76652 0.0300000 1.00000 -2.80583
16 0.680915 1.61910 0.0300000 1.00000 -1.87560
17 2.04369 2.37160 0.0300000 1.00000 -1.26872
18 2.93324 1.72428 0.0300000 1.00000 -2.41944
19 2.61076 1.85021 0.0300000 1.00000 -1.08604
20 0.393368 2.93209 0.0300000 1.00000 -0.530146
4
1 1.36345 1.36619 0.0300000 1.00000 -1.29615
2 1.22261 2.78330 0.0300000 1.00000 -2.84342
3 0.831269 0.328977 0.0300000 1.00000 -1.30799
4 0.836603 2.95172 0.0300000 1.00000 -3.09026
5 1.87758 2.24719 0.0300000 1.00000 -0.790044
6 1.16018 0.804739 0.0300000 1.00000 -3.00748
7 1.00835 1.13232 0.0300000 1.00000 -0.173622
8 0.453118 2.83350 0.0300000 1.00000 -3.01802
9 0.109819 2.38961 0.0300000 1.00000 -0.525846
10 0.364537 1.42618 0.0300000 1.00000 -1.78784
11 0.893373 0.585801 0.0300000 1.00000 -1.86072
12 2.25346 3.05732 0.0300000 1.00000 -1.97044
13 0.211533 0.460166 0.0300000 1.00000 -1.96813
14 0.313165 0.147157 0.0300000 1.00000 -0.0451273
15 2.85862 2.75664 0.0300000 1.00000 -2.16850
16 0.671912 1.59049 0.0300000 1.00000 -2.17423
17 2.05261 2.34296 0.0300000 1.00000 -1.04650
18 2.91073 1.70445 0.0300000 1.00000 -1.67377
19 2.62474 1.82367 0.0300000 1.00000 -1.01064
20 0.419250 2.91692 0.0300000 1.00000 -2.82637
5
1 1.37158 1.33731 0.0300000 1.00000 -0.286985
2 1.19393 2.77449 0.0300000 1.00000 -0.203351
3 0.839063 0.300008 0.0300000 1.00000 -0.441963
4 0.806642 2.95018 0.0300000 1.00000 -0.909096
5 1.89869 2.22588 0.0300000 1.00000 -2.61110
6 1.13045 0.800728 0.0300000 1.00000 -1.21902
7 1.03790 1.12714 0.0300000 1.00000 -1.84736
8 0.423347 2.82981 0.0300000 1.00000 -3.02277
9 0.135766 2.37455 0.0300000 1.00000 -1.95256
10 0.358077 1.39689 0.0300000 1.00000 -1.47518
11 0.884797 0.557054 0.0300000 1.00000 -2.93342
12 2.24179 3.02968 0.0300000 1.00000 -3.05178
13 0.199924 0.432503 0.0300000 1.00000 -1.09602
14 0.343135 0.145803 0.0300000 1.00000 -2.82716
15 2.84173 2.73184 0.0300000 1.00000 -2.28691
16 0.654888 1.56579 0.0300000 1.00000 -1.24518
17 2.06763 2.31699 0.0300000 1.00000 -1.43652
18 2.90765 1.67461 0.0300000 1.00000 -3.02335
19 2.64068 1.79825 0.0300000 1.00000 -2.86857
20 0.390728 2.90762 0.0300000 1.00000 -2.96851
6
1 1.40035 1.32882 0.0300000 1.00000 -1.43572
2 1.22332 2.76843 0.0300000 1.00000 -0.887836
3 0.866180 0.287176 0.0300000 1.00000 -0.258908
4 0.825076 2.92652 0.0300000 1.00000 -2.91147
5 1.87281 2.21070 0.0300000 1.00000 -1.12785
6 1.14079 0.772565 0.0300000 1.00000 -0.264252
7 1.02971 1.09828 0.0300000 1.00000 -1.45438
8 0.393558 2.82625 0.0300000 1.00000 -2.58186
9 0.124589 2.34671 0.0300000 1.00000 -1.33764
10 0.360941 1.36702 0.0300000 1.00000 -2.04655
11 0.855444 0.550853 0.0300000 1.00000 -0.475280
12 2.21191 3.02699 0.0300000 1.00000 -2.35138
13 0.213638 0.405822 0.0300000 1.00000 -0.104226
14 0.314606 0.136525 0.0300000 1.00000 -2.40649
15 2.82204 2.70921 0.0300000 1.00000 -3.41259
16 0.664485 1.53736 0.0300000 1.00000 -0.731659
17 2.07165 2.28726 0.0300000 1.00000 -3.21465
18 2.87786 1.67107 0.0300000 1.00000 -1.99487
19 2.61179 1.79016 0.0300000 1.00000 -2.55514
20 0.361176 2.90246 0.0300000 1.00000 -1.50423
7
1 1.40439 1.29909 0.0300000 1.00000 -2.37427
2 1.24225 2.74516 0.0300000 1.00000 -2.51046
3 0.895181 0.279495 0.0300000 1.00000 -0.380540
4 0.795867 2.91967 0.0300000 1.00000 -0.145461
5 1.88567 2.18359 0.0300000 1.00000 -0.914045
6 1.16975 0.764729 0.0300000 1.00000 -0.785791
7 1.03319 1.06848 0.0300000 1.00000 -1.54301
8 0.368136 2.81032 0.0300000 1.00000 -1.53720
9 0.131521 2.31752 0.0300000 1.00000 -1.08960
10 0.347201 1.34036 0.0300000 1.00000 0.0848437
11 0.882119 0.537126 0.0300000 1.00000 -0.323649
12 2.19080 3.00568 0.0300000 1.00000 -3.18187
13 0.243475 0.402700 0.0300000 1.00000 -1.17400
14 0.292353 0.116405 0.0300000 1.00000 -2.09347
15 2.79313 2.71724 0.0300000 1.00000 -2.45290
16 0.686807 1.51732 0.0300000 1.00000 -0.900281
17 2.04173 2.28945 0.0300000 1.00000 -3.21331
18 2.86551 1.64373 0.0300000 1.00000 -1.81280
19 2.58681 1.77356 0.0300000 1.00000 -2.16681
20 0.363172 2.87252 0.0300000 1.00000 -2.13643
8
1 1.38280 1.27827 0.0300000 1.00000 -2.24881
2 1.21803 2.72746 0.0300000 1.00000 -3.23426
3 0.923034 0.268353 0.0300000 1.00000 -2.20283
4 0.825550 2.91532 0.0300000 1.00000 -2.41400
5 1.90399 2.15983 0.0300000 1.00000 -2.09384
6 1.19095 0.743508 0.0300000 1.00000 0.333410
7 1.03403 1.03849 0.0300000 1.00000 -1.97207
8 0.369144 2.78034 0.0300000 1.00000 -1.93990
9 0.145406 2.29093 0.0300000 1.00000 -0.885835
10 0.377093 1.34290 0.0300000 1.00000 -1.18711
11 0.910562 0.527585 0.0300000 1.00000 0.0216775
12 2.16082 3.00688 0.0300000 1.00000 -3.04777
13 0.255069 0.375031 0.0300000 1.00000 -2.56072
14 0.277377 0.0904103 0.0300000 1.00000 -1.85374
15 2.76997 2.69817 0.0300000 1.00000 -0.819635
16 0.705448 1.49381 0.0300000 1.00000 -1.97343
17 2.01180 2.29160 0.0300000 1.00000 -2.52949
18 2.85832 1.61460 0.0300000 1.00000 -1.36295
19 2.56997 1.74873 0.0300000 1.00000 -3.66691
20 0.347093 2.84719 0.0300000 1.00000 -1.34705
9
1 1.36398 1.25490 0.0300000 1.00000 -1.02175
2 1.18816 2.73023 0.0300000 1.00000 -1.80297
3 0.905311 0.244148 0.0300000 1.00000 -0.976390
4 0.803147 2.89537 0.0300000 1.00000 -1.25944
5 1.88900 2.13384 0.0300000 1.00000 -1.00954
6 1.21930 0.753326 0.0300000 1.00000 -0.521531
7 1.02231 1.01087 0.0300000 1.00000 -2.91021
8 0.358321 2.75236 0.0300000 1.00000 -2.81664
9 0.164385 2.26769 0.0300000 1.00000 -1.29571
10 0.388323 1.31508 0.0300000 1.00000 -2.97234
11 0.940555 0.528235 0.0300000 1.00000 -1.84467
12 2.13096 3.00407 0.0300000 1.00000 -2.89089
13 0.229990 0.358569 0.0300000 1.00000 -0.378320
14 0.269001 0.0616032 0.0300000 1.00000 -2.17666
15 2.79045 2.67624 0.0300000 1.00000 -0.981335
16 0.693693 1.46621 0.0300000 1.00000 -3.17259
17 1.98725 2.27436 0.0300000 1.00000 -0.727276
18 2.86451 1.58525 0.0300000 1.00000 -3.01455
19 2.54401 1.76378 0.0300000 1.00000 -3.56679
20 0.353750 2.81794 0.0300000 1.00000 -2.61309
10
1 1.37964 1.22931 0.0300000 1.00000 -1.40979
2 1.18125 2.70104 0.0300000 1.00000 -1.28148
3 0.922112 0.219293 0.0300000 1.00000 -2.94044
4 0.812337 2.86681 0.0300000 1.00000 -2.73125
5 1.90497 2.10845 0.0300000 1.00000 -0.562585
6 1.24531 0.738380 0.0300000 1.00000 -2.60958
7 0.993108 1.00399 0.0300000 1.00000 -2.65438
8 0.329891 2.74278 0.0300000 1.00000 -2.41771
9 0.172534 2.23882 0.0300000 1.00000 -1.08076
10 0.358752 1.31003 0.0300000 1.00000 -2.34184
11 0.932441 0.499353 0.0300000 1.00000 -0.286671
12 2.10189 2.99663 0.0300000 1.00000 -1.65209
13 0.257868 0.347488 0.0300000 1.00000 -1.51598
14 0.251917 0.0369429 0.0300000 1.00000 -2.61587
15 2.80712 2.65131 0.0300000 1.00000 -2.05203
16 0.663708 1.46714 0.0300000 1.00000 -1.77542
17 2.00966 2.25442 0.0300000 1.00000 -2.19569
18 2.83476 1.58145 0.0300000 1.00000 -2.96631
19 2.51668 1.77615 0.0300000 1.00000 -3.08333
20 0.327843 2.80282 0.0300000 1.00000 -2.05142
11
1 1.38445 1.19970 0.0300000 1.00000 -0.642116
2 1.18981 2.67228 0.0300000 1.00000 -1.20249
3 0.892716 0.213299 0.0300000 1.00000 -2.81922
4 0.784828 2.85485 0.0300000 1.00000 -0.884862
5 1.93035 2.09244 0.0300000 1.00000 -1.11360
6 1.21946 0.723161 0.0300000 1.00000 -1.63093
7 0.966599 0.989949 0.0300000 1.00000 -1.27244
8 0.307413 2.72291 0.0300000 1.00000 -1.85532
9 0.186654 2.21235 0.0300000 1.00000 -0.582822
10 0.337845 1.28851 0.0300000 1.00000 -1.04101
11 0.961216 0.490870 0.0300000 1.00000 -0.560283
12 2.09946 2.96673 0.0300000 1.00000 -1.11115
13 0.259512 0.317533 0.0300000 1.00000 -1.88699
14 0.225968 0.0218878 0.0300000 1.00000 -0.954683
15 2.79324 2.62471 0.0300000 1.00000 -2.78156
16 0.657612 1.43777 0.0300000 1.00000 -2.02809
17 1.99211 2.23009 0.0300000 1.00000 -2.47852
18 2.80522 1.57622 0.0300000 1.00000 -1.91081
19 2.48673 1.77441 0.0300000 1.00000 -0.815961
20 0.313973 2.77621 0.0300000 1.00000 -1.38881
12
1 1.40847 1.18173 0.0300000 1.00000 -2.53782
2 1.20061 2.64430 0.0300000 1.00000 -1.39806
3 0.864262 0.203795 0.0300000 1.00000 -1.25679
4 0.803830 2.83163 0.0300000 1.00000 -2.41533
5 1.94359 2.06553 0.0300000 1.00000 -1.16658
6 1.21766 0.693216 0.0300000 1.00000 -2.38593
7 0.975417 0.961274 0.0300000 1.00000 -2.53942
8 0.298992 2.69412 0.0300000 1.00000 -0.318023
9 0.211701 2.19584 0.0300000 1.00000 -2.19197
10 0.353006 1.26262 0.0300000 1.00000 -0.885569
11 0.986629 0.474928 0.0300000 1.00000 -0.805711
12 2.11277 2.93984 0.0300000 1.00000 -2.16118
13 0.250183 0.289020 0.0300000 1.00000 -0.938605
14 0.243304 3.09740 0.0300000 1.00000 -0.396082
15 2.76516 2.61415 0.0300000 1.00000 -2.94031
16 0.644366 1.41085 0.0300000 1.00000 -2.29086
17 1.96847 2.21162 0.0300000 1.00000 -2.80678
18 2.79521 1.54793 0.0300000 1.00000 -2.14189
19 2.50729 1.75255 0.0300000 1.00000 -0.737383
20 0.319402 2.74671 0.0300000 1.00000 -2.35491
13
1 1.38378 1.16470 0.0300000 1.00000 -1.33147
2 1.20577 2.61474 0.0300000 1.00000 -0.774750
3 0.873528 0.175262 0.0300000 1.00000 -0.145957
4 0.781400 2.81171 0.0300000 1.00000 -1.86454
5 1.95539 2.03794 0.0300000 1.00000 -1.80173
6 1.19582 0.672642 0.0300000 1.00000 -1.00776
7 0.950694 0.944281 0.0300000 1.00000 -2.57198
8 0.327488 2.68474 0.0300000 1.00000 -1.70809
9 0.194242 2.17144 0.0300000 1.00000 -0.640971
10 0.371991 1.23939 0.0300000 1.00000 -2.48723
11 1.00741 0.453288 0.0300000 1.00000 -2.13543
12 2.09607 2.91492 0.0300000 1.00000 -1.24258
13 0.267911 0.264818 0.0300000 1.00000 -2.88821
14 0.270982 3.08583 0.0300000 1.00000 -3.12079
15 2.73577 2.60815 0.0300000 1.00000 -1.75525
16 0.624583 1.38830 0.0300000 1.00000 -2.32786
17 1.94013 2.20176 0.0300000 1.00000 -0.686995
18 2.77899 1.52269 0.0300000 1.00000 -1.04050
19 2.52950 1.73238 0.0300000 1.00000 -0.550997
20 0.298216 2.72547 0.0300000 1.00000 -3.26813
14
1 1.39089 1.13556 0.0300000 1.00000 -1.34440
2 1.22721 2.59376 0.0300000 1.00000 -2.31568
3 0.903209 0.170899 0.0300000 1.00000 -0.603937
4 0.772714 2.78299 0.0300000 1.00000 -2.89411
5 1.94852 2.00874 0.0300000 1.00000 -2.29454
6 1.21184 0.647273 0.0300000 1.00000 -0.685159
7 0.925431 0.928102 0.0300000 1.00000 -1.12429
8 0.323382 2.65502 0.0300000 1.00000 -2.28187
9 0.218287 2.15350 0.0300000 1.00000 -2.57856
10 0.348188 1.22113 0.0300000 1.00000 -1.59261
11 0.991354 0.427944 0.0300000 1.00000 -2.89117
12 2.10574 2.88652 0.0300000 1.00000 -1.66087
13 0.238869 0.257298 0.0300000 1.00000 -1.84371
14 0.240988 3.08521 0.0300000 1.00000 -0.888720
15 2.73026 2.57866 0.0300000 1.00000 -0.924926
16 0.603979 1.36649 0.0300000 1.00000 -1.71558
17 1.96333 2.18273 0.0300000 1.00000 -2.87752
18 2.79417 1.49681 0.0300000 1.00000 -2.42106
19 2.55506 1.71668 0.0300000 1.00000 -0.608185
20 0.268456 2.72926 0.0300000 1.00000 -2.18858
15
1 1.39762 1.10632 0.0300000 1.00000 -0.494868
2 1.20687 2.57170 0.0300000 1.00000 -1.54846
3 0.927902 0.153862 0.0300000 1.00000 -1.01862
4 0.743628 2.77565 0.0300000 1.00000 -3.38849
5 1.92866 1.98626 0.0300000 1.00000 -0.520867
6 1.23506 0.628289 0.0300000 1.00000 -2.31087
7 0.938385 0.901043 0.0300000 1.00000 -1.04074
8 0.303803 2.63229 0.0300000 1.00000 -1.19648
9 0.192918 2.13749 0.0300000 1.00000 -0.640057
10 0.347534 1.19114 0.0300000 1.00000 -3.41498
11 0.962290 0.420510 0.0300000 1.00000 -2.22200
12 2.10304 2.85665 0.0300000 1.00000 -1.93021
13 0.230782 0.228408 0.0300000 1.00000 -1.48411
14 0.259900 3.06192 0.0300000 1.00000 -2.56271
15 2.74832 2.55470 0.0300000 1.00000 -2.23129
16 0.599651 1.33681 0.0300000 1.00000 -1.41267
17 1.93437 2.17490 0.0300000 1.00000 -1.17433
18 2.77162 1.47702 0.0300000 1.00000 -0.619655
19 2.57968 1.69954 0.0300000 1.00000 -0.669608
20 0.251079 2.70480 0.0300000 1.00000 -0.966214
16
1 1.42403 1.09207 0.0300000 1.00000 -0.674917
2 1.20754 2.54171 0.0300000 1.00000 -2.41949
3 0.943638 0.128321 0.0300000 1.00000 -1.23450
4 0.714537 2.78298 0.0300000 1.00000 -0.232327
5 1.95468 1.97133 0.0300000 1.00000 -1.62838
6 1.21483 0.606137 0.0300000 1.00000 -2.49014
7 0.953552 0.875160 0.0300000 1.00000 -2.57386
8 0.314772 2.60437 0.0300000 1.00000 -2.18302
9 0.216980 2.11957 0.0300000 1.00000 -2.89051
10 0.318648 1.19924 0.0300000 1.00000 -2.81978
11 0.944106 0.396649 0.0300000 1.00000 -1.81677
12 2.09249 2.82856 0.0300000 1.00000 -1.86495
13 0.233380 0.198521 0.0300000 1.00000 -0.552503
14 0.234788 3.04551 0.0300000 1.00000 -0.888309
15 2.72992 2.53101 0.0300000 1.00000 -0.533064
16 0.604375 1.30718 0.0300000 1.00000 -2.25611
17 1.94595 2.14723 0.0300000 1.00000 -0.816335
18 2.79605 1.45960 0.0300000 1.00000 -1.93360
19 2.60320 1.68092 0.0300000 1.00000 -1.02286
20 0.268132 2.68012 0.0300000 1.00000 -2.39906
17
1 1.44745 1.07333 0.0300000 1.00000 -0.742053
2 1.18503 2.52188 0.0300000 1.00000 -1.21006
3 0.953538 0.100001 0.0300000 1.00000 -1.65783
4 0.743731 2.77607 0.0300000 1.00000 -2.86385
5 1.95295 1.94138 0.0300000 1.00000 -2.38526
6 1.19098 0.587947 0.0300000 1.00000 -3.17580
7 0.928259 0.859028 0.0300000 1.00000 -0.561648
8 0.297531 2.57982 0.0300000 1.00000 -0.795220
9 0.187920 2.11212 0.0300000 1.00000 -3.20964
10 0.290188 1.18975 0.0300000 1.00000 -2.01063
11 0.936801 0.367552 0.0300000 1.00000 -1.48556
12 2.08379 2.79985 0.0300000 1.00000 -2.52087
13 0.258916 0.182776 0.0300000 1.00000 -1.80294
14 0.253710 3.02222 0.0300000 1.00000 -0.737734
15 2.75575 2.51576 0.0300000 1.00000 -1.49643
16 0.585388 1.28395 0.0300000 1.00000 -0.959926
17 1.96650 2.12537 0.0300000 1.00000 -1.84285
18 2.78540 1.43155 0.0300000 1.00000 -1.34440
19 2.61883 1.65531 0.0300000 1.00000 -1.85968
20 0.246029 2.65983 0.0300000 1.00000 -2.54983
18
1 1.46956 1.05305 0.0300000 1.00000 -1.72102
2 1.19562 2.49381 0.0300000 1.00000 -2.93932
3 0.950930 0.0701146 0.0300000 1.00000 -2.49376
4 0.714881 2.76784 0.0300000 1.00000 -2.11070
5 1.93113 1.92079 0.0300000 1.00000 -2.98032
6 1.16100 0.588973 0.0300000 1.00000 -0.816724
7 0.953650 0.843051 0.0300000 1.00000 -2.11764
8 0.318535 2.55839 0.0300000 1.00000 -2.05930
9 0.157990 2.11416 0.0300000 1.00000 -0.934962
10 0.277414 1.16261 0.0300000 1.00000 -3.15757
11 0.939355 0.337661 0.0300000 1.00000 -2.87811
12 2.05938 2.78240 0.0300000 1.00000 -0.507238
13 0.252014 0.153581 0.0300000 1.00000 -2.97334
14 0.275910 3.00205 0.0300000 1.00000 -1.94120
15 2.75798 2.48585 0.0300000 1.00000 -1.32995
16 0.602595 1.25938 0.0300000 1.00000 -1.61796
17 1.95844 2.09648 0.0300000 1.00000 -0.962898
18 2.79213 1.40232 0.0300000 1.00000 -3.09591
19 2.61028 1.62655 0.0300000 1.00000 -2.85382
20 0.221130 2.64310 0.0300000 1.00000 -1.68427
19
1 1.46507 1.02339 0.0300000 1.00000 -1.65947
2 1.16623 2.48778 0.0300000 1.00000 -1.09604
3 0.927008 0.0520109 0.0300000 1.00000 -2.41531
4 0.699459 2.74211 0.0300000 1.00000 -2.47372
5 1.90152 1.91598 0.0300000 1.00000 -3.15287
6 1.18153 0.567105 0.0300000 1.00000 -1.50866
7 0.938050 0.817426 0.0300000 1.00000 -3.82663
8 0.304456 2.53190 0.0300000 1.00000 -0.414279
9 0.175805 2.09002 0.0300000 1.00000 -1.10855
10 0.247418 1.16309 0.0300000 1.00000 -1.72224
11 0.910390 0.329848 0.0300000 1.00000 -3.59939
12 2.08561 2.76783 0.0300000 1.00000 -3.46392
13 0.222438 0.148557 0.0300000 1.00000 -3.29039
14 0.265050 2.97408 0.0300000 1.00000 -0.826684
15 2.76514 2.45671 0.0300000 1.00000 -2.64915
16 0.601181 1.22941 0.0300000 1.00000 -0.634515
17 1.97557 2.07185 0.0300000 1.00000 -1.52102
18 2.76217 1.40095 0.0300000 1.00000 -1.94689
19 2.58151 1.61804 0.0300000 1.00000 -2.74922
20 0.217734 2.61329 0.0300000 1.00000 -3.36159
20
1 1.46241 0.993510 0.0300000 1.00000 -2.81975
2 1.17994 2.46110 0.0300000 1.00000 -0.453148
3 0.904579 0.0320881 0.0300000 1.00000 -1.07213
4 0.675905 2.72353 0.0300000 1.00000 -1.30175
5 1.87152 1.91631 0.0300000 1.00000 -1.26933
6 1.18340 0.537163 0.0300000 1.00000 -3.84212
7 0.914819 0.836407 0.0300000 1.00000 -4.00314
8 0.331918 2.51983 0.0300000 1.00000 -1.68356
9 0.189184 2.06317 0.0300000 1.00000 -0.279860
10 0.242892 1.13343 0.0300000 1.00000 -3.09731
11 0.883479 0.343107 0.0300000 1.00000 -2.66683
12 2.05715 2.77733 0.0300000 1.00000 -3.51097
13 0.192769 0.153005 0.0300000 1.00000 -2.02522
14 0.285369 2.95201 0.0300000 1.00000 -2.66914
15 2.73870 2.44253 0.0300000 1.00000 -3.86951
16 0.625342 1.21163 0.0300000 1.00000 -1.23436
17 1.97707 2.04189 0.0300000 1.00000 -2.55822
18 2.75115 1.37304 0.0300000 1.00000 -2.75968
19 2.55379 1.60657 0.0300000 1.00000 -1.72152
20 0.188457 2.61984 0.0300000 1.00000 -2.13214
21
1 1.43395 0.984021 0.0300000 1.00000 -1.01861
2 1.20692 2.44797 0.0300000 1.00000 -3.03654
3 0.918926 0.00574145 0.0300000 1.00000 -3.05649
4 0.683879 2.69461 0.0300000 1.00000 -2.05167
5 1.88043 1.88767 0.0300000 1.00000 -2.91716
6 1.16046 0.556502 0.0300000 1.00000 -1.47598
7 0.895281 0.859172 0.0300000 1.00000 -2.04928
8 0.328542 2.49002 0.0300000 1.00000 -1.72647
9 0.218017 2.05489 0.0300000 1.00000 -2.62916
10 0.212921 1.13210 0.0300000 1.00000 -1.73651
11 0.856797 0.329393 0.0300000 1.00000 -2.20662
12 2.02918 2.78816 0.0300000 1.00000 -0.657506
13 0.179601 0.126049 0.0300000 1.00000 -1.97569
14 0.258656 2.93836 0.0300000 1.00000 -2.58353
15 2.71631 2.46249 0.0300000 1.00000 -3.80286
16 0.635245 1.18331 0.0300000 1.00000 -1.25240
17 1.95203 2.02536 0.0300000 1.00000 -3.36046
18 2.72331 1.36186 0.0300000 1.00000 -2.93128
19 2.54929 1.57691 0.0300000 1.00000 -2.17970
20 0.172487 2.59444 0.0300000 1.00000 -1.86390
22
1 1.44969 0.958479 0.0300000 1.00000 -2.44020
2 1.17708 2.44482 0.0300000 1.00000 -3.42801
3 0.889035 0.00319139 0.0300000 1.00000 -1.86489
4 0.670003 2.66801 0.0300000 1.00000 -1.89321
5 1.85118 1.88099 0.0300000 1.00000 -2.01410
6 1.16330 0.526637 0.0300000 1.00000 -2.80070
7 0.881467 0.832541 0.0300000 1.00000 -2.20202
8 0.323891 2.46038 0.0300000 1.00000 -2.36720
9 0.191870 2.04018 0.0300000 1.00000 -0.637782
10 0.207973 1.10251 0.0300000 1.00000 -2.58766
11 0.838982 0.305256 0.0300000 1.00000 -1.64213
12 2.05292 2.76983 0.0300000 1.00000 -1.62425
13 0.167783 0.0984748 0.0300000 1.00000 -2.98382
14 0.233207 2.92247 0.0300000 1.00000 -1.84495
15 2.69263 2.48091 0.0300000 1.00000 -3.88365
16 0.644637 1.15482 0.0300000 1.00000 -1.67421
17 1.92274 2.03188 0.0300000 1.00000 -1.23101
18 2.69397 1.35560 0.0300000 1.00000 -2.51572
19 2.53213 1.55230 0.0300000 1.00000 -3.40647
20 0.163819 2.56572 0.0300000 1.00000 -1.80343
23
1 1.42677 0.939121 0.0300000 1.00000 -2.17676
2 1.14830 2.45330 0.0300000 1.00000 -2.55726
3 0.880339 3.07448 0.0300000 1.00000 -0.588491
4 0.660497 2.63956 0.0300000 1.00000 -2.18712
5 1.83831 1.85389 0.0300000 1.00000 -2.42182
6 1.13503 0.516607 0.0300000 1.00000 -2.94522
7 0.863764 0.808322 0.0300000 1.00000 -3.56592
8 0.302446 2.43940 0.0300000 1.00000 -0.863904
9 0.215973 2.02231 0.0300000 1.00000 -1.93193
10 0.182459 1.08673 0.0300000 1.00000 -2.68468
11 0.836844 0.275332 0.0300000 1.00000 -1.29140
12 2.05132 2.73987 0.0300000 1.00000 -2.13757
13 0.138156 0.0937613 0.0300000 1.00000 -0.833108
14 0.225086 2.89359 0.0300000 1.00000 -2.75378
15 2.67052 2.50119 0.0300000 1.00000 -2.73163
16 0.641540 1.12498 0.0300000 1.00000 -2.38775
17 1.93274 2.00359 0.0300000 1.00000 -3.29567
18 2.66966 1.33802 0.0300000 1.00000 -1.77698
19 2.50318 1.56015 0.0300000 1.00000 -2.82412
20 0.156903 2.53653 0.0300000 1.00000 -3.20725
24
1 1.40969 0.914462 0.0300000 1.00000 -2.40490
2 1.12328 2.43675 0.0300000 1.00000 -1.54449
3 0.905292 3.05783 0.0300000 1.00000 -1.98732
4 0.643156 2.61508 0.0300000 1.00000 -1.08263
5 1.81576 1.83411 0.0300000 1.00000 -2.23363
6 1.10561 0.510753 0.0300000 1.00000 -1.49826
7 0.836424 0.820673 0.0300000 1.00000 -3.46425
8 0.321930 2.41659 0.0300000 1.00000 -2.82500
9 0.205373 1.99425 0.0300000 1.00000 -2.93134
10 0.155536 1.07350 0.0300000 1.00000 -3.67033
11 0.845117 0.246495 0.0300000 1.00000 -1.53813
12 2.03521 2.71456 0.0300000 1.00000 -2.62421
13 0.158333 0.0715605 0.0300000 1.00000 -2.96850
14 0.197313 2.88225 0.0300000 1.00000 -1.15871
15 2.64300 2.48923 0.0300000 1.00000 -3.44035
16 0.619668 1.10445 0.0300000 1.00000 -1.68425
17 1.90310 2.00820 0.0300000 1.00000 -3.03825
18 2.66351 1.30866 0.0300000 1.00000 -3.68446
19 2.47468 1.55079 0.0300000 1.00000 -1.37855
20 0.126967 2.53850 0.0300000 1.00000 -1.27521
25
1 1.38746 0.894307 0.0300000 1.00000 -1.34910
2 1.12407 2.40676 0.0300000 1.00000 -3.60127
3 0.893154 3.03039 0.0300000 1.00000 -1.23406
4 0.657226 2.58858 0.0300000 1.00000 -2.53435
5 1.79729 1.81047 0.0300000 1.00000 -1.56177
6 1.10778 0.480832 0.0300000 1.00000 -2.64152
7 0.807972 0.830186 0.0300000 1.00000 -2.98005
8 0.293421 2.40725 0.0300000 1.00000 -3.18730
9 0.176033 1.98799 0.0300000 1.00000 -2.13387
10 0.129633 1.08863 0.0300000 1.00000 -2.01251
11 0.846096 0.216511 0.0300000 1.00000 -1.63731
12 2.00914 2.69973 0.0300000 1.00000 -0.862437
13 0.128782 0.0663935 0.0300000 1.00000 -2.56145
14 0.209329 2.85476 0.0300000 1.00000 -2.03261
15 2.61433 2.49806 0.0300000 1.00000 -2.47798
16 0.616272 1.07464 0.0300000 1.00000 -1.25630
17 1.87326 2.00510 0.0300000 1.00000 -0.771243
18 2.63783 1.32416 0.0300000 1.00000 -2.04157
19 2.48041 1.52134 0.0300000 1.00000 -3.53349
20 0.135706 2.50980 0.0300000 1.00000 -3.34947
26
1 1.39406 0.865041 0.0300000 1.00000 -1.80622
2 1.09718 2.42007 0.0300000 1.00000 -2.10843
3 0.903067 3.00208 0.0300000 1.00000 -2.57057
4 0.632589 2.57147 0.0300000 1.00000 -0.796499
5 1.79757 1.78047 0.0300000 1.00000 -1.67820
6 1.08145 0.466448 0.0300000 1.00000 -3.56568
7 0.778363 0.825361 0.0300000 1.00000 -1.91984
8 0.263452 2.40862 0.0300000 1.00000 -1.27206
9 0.160020 1.96262 0.0300000 1.00000 -1.95566
10 0.116808 1.06151 0.0300000 1.00000 -1.08132
11 0.844103 0.186578 0.0300000 1.00000 -3.22837
12 2.02865 2.67694 0.0300000 1.00000 -3.11772
13 0.103690 0.0499492 0.0300000 1.00000 -2.82690
14 0.195962 2.82790 0.0300000 1.00000 -0.744474
15 2.59070 2.47958 0.0300000 1.00000 -3.00929
16 0.625552 1.04611 0.0300000 1.00000 -3.58325
17 1.89477 1.98419 0.0300000 1.00000 -0.766325
18 2.62422 1.29742 0.0300000 1.00000 -2.61728
19 2.45268 1.53280 0.0300000 1.00000 -0.691788
20 0.106352 2.51599 0.0300000 1.00000 -2.57970
27
1 1.38706 0.835869 0.0300000 1.00000 -2.02732
2 1.08182 2.39430 0.0300000 1.00000 -0.686641
3 0.877826 2.98586 0.0300000 1.00000 -3.32494
4 0.653566 2.55002 0.0300000 1.00000 -2.22740
5 1.79435 1.75064 0.0300000 1.00000 -3.05724
6 1.05411 0.478792 0.0300000 1.00000 -2.67522
7 0.768103 0.797170 0.0300000 1.00000 -1.91681
8 0.272281 2.37995 0.0300000 1.00000 -0.664201
9 0.148757 1.93481 0.0300000 1.00000 -2.34668
10 0.130913 1.03503 0.0300000 1.00000 -1.15229
11 0.814216 0.189178 0.0300000 1.00000 -1.21500
12 1.99866 2.67623 0.0300000 1.00000 -3.24137
13 0.0751634 0.0406636 0.0300000 1.00000 -1.01134
14 0.218025 2.80757 0.0300000 1.00000 -0.921251
15 2.56096 2.47562 0.0300000 1.00000 -1.11240
16 0.598430 1.05893 0.0300000 1.00000 -3.42844
17 1.91638 1.96338 0.0300000 1.00000 -3.51869
18 2.59825 1.28240 0.0300000 1.00000 -2.56481
19 2.47578 1.51366 0.0300000 1.00000 -2.67118
20 0.0809649 2.50001 0.0300000 1.00000 -3.03989
28
1 1.37384 0.808941 0.0300000 1.00000 -1.93723
2 1.10502 2.37528 0.0300000 1.00000 -3.52135
3 0.848329 2.99133 0.0300000 1.00000 -1.76225
4 0.635253 2.52626 0.0300000 1.00000 -3.60286
5 1.76446 1.74811 0.0300000 1.00000 -2.36725
6 1.02732 0.465303 0.0300000 1.00000 -0.932412
7 0.757928 0.768948 0.0300000 1.00000 -1.38191
8 0.295904 2.36146 0.0300000 1.00000 -1.81101
9 0.127746 1.91340 0.0300000 1.00000 -1.66022
10 0.143105 1.00762 0.0300000 1.00000 -0.696861
11 0.824666 0.161057 0.0300000 1.00000 -3.41897
12 1.96881 2.67921 0.0300000 1.00000 -1.02489
13 0.0910852 0.0152373 0.0300000 1.00000 -2.46863
14 0.236170 2.78368 0.0300000 1.00000 -2.21558
15 2.57424 2.44872 0.0300000 1.00000 -2.49407
16 0.569656 1.06742 0.0300000 1.00000 -3.03679
17 1.88849 1.97443 0.0300000 1.00000 -0.816092
18 2.57310 1.26604 0.0300000 1.00000 -3.29186
19 2.44904 1.50006 0.0300000 1.00000 -1.06445
20 0.0511199 2.49696 0.0300000 1.00000 -3.70217
29
1 1.36309 0.780933 0.0300000 1.00000 -1.37338
2 1.07716 2.38640 0.0300000 1.00000 -1.79530
3 0.842620 2.96188 0.0300000 1.00000 -1.19747
4 0.608388 2.53961 0.0300000 1.00000 -1.54412
5 1.74301 1.72714 0.0300000 1.00000 -2.85404
6 1.04519 0.441211 0.0300000 1.00000 -0.997234
7 0.763561 0.739481 0.0300000 1.00000 -0.996706
8 0.288766 2.33232 0.0300000 1.00000 -1.71291
9 0.125067 1.88352 0.0300000 1.00000 -0.756502
10 0.166111 0.988367 0.0300000 1.00000 -1.53108
11 0.795812 0.169272 0.0300000 1.00000 -0.972461
12 1.98439 2.65357 0.0300000 1.00000 -3.05393
13 0.0676258 3.09654 0.0300000 1.00000 -3.37784
14 0.218139 2.75971 0.0300000 1.00000 -3.06362
15 2.55031 2.43062 0.0300000 1.00000 -3.43139
16 0.539821 1.06428 0.0300000 1.00000 -1.65423
17 1.90904 1.95258 0.0300000 1.00000 -2.06059
18 2.54344 1.27053 0.0300000 1.00000 -3.50959
19 2.46359 1.47383 0.0300000 1.00000 -1.55620
20 0.0257115 2.51291 0.0300000 1.00000 -2.11676
30
1 1.36897 0.751515 0.0300000 1.00000 -2.55773
2 1.07048 2.35716 0.0300000 1.00000 -3.34638
3 0.853562 2.93395 0.0300000 1.00000 -1.92115
4 0.609188 2.50962 0.0300000 1.00000 -3.59051
5 1.71424 1.71863 0.0300000 1.00000 -1.27515
6 1.06147 0.416012 0.0300000 1.00000 -2.73498
7 0.779853 0.714291 0.0300000 1.00000 -1.51959
8 0.284517 2.30262 0.0300000 1.00000 -0.832760
9 0.146884 1.86293 0.0300000 1.00000 -0.358258
10 0.167302 0.958391 0.0300000 1.00000 -0.0371488
11 0.812710 0.144484 0.0300000 1.00000 -0.194068
12 1.95450 2.65095 0.0300000 1.00000 -1.54427
13 0.0384591 0.00355985 0.0300000 1.00000 -2.70332
14 0.188230 2.75737 0.0300000 1.00000 -2.19671
15 2.52156 2.43920 0.0300000 1.00000 -2.90503
16 0.537321 1.03439 0.0300000 1.00000 -2.42311
17 1.89493 1.92610 0.0300000 1.00000 -3.13229
18 2.51545 1.28133 0.0300000 1.00000 -1.54188
19 2.46403 1.44383 0.0300000 1.00000 -2.94967
20 0.0101344 2.48727 0.0300000 1.00000 -0.881805
31
1 1.34394 0.734978 0.0300000 1.00000 -3.07990
2 1.04111 2.36326 0.0300000 1.00000 -1.26093
3 0.843265 2.90577 0.0300000 1.00000 -1.82027
4 0.582161 2.52264 0.0300000 1.00000 -0.368542
5 1.72298 1.68993 0.0300000 1.00000 -1.34556
6 1.03392 0.404147 0.0300000 1.00000 -2.38670
7 0.781389 0.684330 0.0300000 1.00000 -2.67213
8 0.304702 2.28043 0.0300000 1.00000 -1.85454
9 0.174980 1.85241 0.0300000 1.00000 -1.31469
10 0.197282 0.957277 0.0300000 1.00000 -2.00638
11 0.842147 0.138698 0.0300000 1.00000 -1.87144
12 1.95530 2.62096 0.0300000 1.00000 -2.55833
13 0.0112945 3.09083 0.0300000 1.00000 -2.83238
14 0.170655 2.73306 0.0300000 1.00000 -3.35185
15 2.49240 2.43216 0.0300000 1.00000 -3.87458
16 0.514737 1.01464 0.0300000 1.00000 -0.607676
17 1.86493 1.92583 0.0300000 1.00000 -2.79758
18 2.51632 1.25134 0.0300000 1.00000 -1.83602
19 2.43458 1.43811 0.0300000 1.00000 -2.11172
20 0.0292071 2.46412 0.0300000 1.00000 -2.65410
32
1 1.31400 0.733128 0.0300000 1.00000 -2.21497
2 1.05025 2.33469 0.0300000 1.00000 -1.08362
3 0.835858 2.87670 0.0300000 1.00000 -3.21804
4 0.610146 2.51183 0.0300000 1.00000 -1.23423
5 1.72968 1.66069 0.0300000 1.00000 -1.79596
6 1.01207 0.383591 0.0300000 1.00000 -1.17013
7 0.754635 0.670758 0.0300000 1.00000 -0.648450
8 0.296304 2.25163 0.0300000 1.00000 -0.906704
9 0.182579 1.82339 0.0300000 1.00000 -0.525638
10 0.184623 0.930078 0.0300000 1.00000 -0.802275
11 0.833263 0.110044 0.0300000 1.00000 -3.21989
12 1.93026 2.60444 0.0300000 1.00000 -2.68906
13 3.08272 3.08170 0.0300000 1.00000 -1.42537
14 0.141316 2.73932 0.0300000 1.00000 -2.81933
15 2.47010 2.45224 0.0300000 1.00000 -1.46951
16 0.539366 0.997511 0.0300000 1.00000 -3.25062
17 1.83669 1.91571 0.0300000 1.00000 -0.788866
18 2.50845 1.22239 0.0300000 1.00000 -2.29880
19 2.41913 1.41239 0.0300000 1.00000 -3.23556
20 0.00270186 2.45006 0.0300000 1.00000 -1.03134
33
1 1.29599 0.709140 0.0300000 1.00000 -3.28308
2 1.06430 2.30818 0.0300000 1.00000 -0.197214
3 0.805946 2.87899 0.0300000 1.00000 -0.643305
4 0.620054 2.48351 0.0300000 1.00000 -1.45933
5 1.72298 1.63144 0.0300000 1.00000 -2.65869
6 1.02377 0.355967 0.0300000 1.00000 -1.17040
7 0.778545 0.652639 0.0300000 1.00000 -1.79601
8 0.314794 2.22800 0.0300000 1.00000 -0.177335
9 0.208529 1.80833 0.0300000 1.00000 -0.855272
10 0.205476 0.908510 0.0300000 1.00000 -0.995107
11 0.803355 0.112390 0.0300000 1.00000 -1.06267
12 1.90328 2.59132 0.0300000 1.00000 -2.98992
13 3.08706 3.05202 0.0300000 1.00000 -0.759346
14 0.112860 2.72982 0.0300000 1.00000 -0.813211
15 2.47313 2.42239 0.0300000 1.00000 -1.84117
16 0.509544 1.00078 0.0300000 1.00000 -2.51375
17 1.85783 1.89442 0.0300000 1.00000 -1.01086
18 2.48849 1.19999 0.0300000 1.00000 -2.80895
19 2.38927 1.41521 0.0300000 1.00000 -2.83730
20 0.0181120 2.42432 0.0300000 1.00000 -2.26191
34
1 1.26628 0.713371 0.0300000 1.00000 -0.772439
2 1.09372 2.30230 0.0300000 1.00000 -2.24865
3 0.829949 2.86099 0.0300000 1.00000 -2.26734
4 0.623391 2.45370 0.0300000 1.00000 -1.19647
5 1.69641 1.61751 0.0300000 1.00000 -0.531451
6 1.03546 0.328339 0.0300000 1.00000 -0.886871
7 0.771846 0.623397 0.0300000 1.00000 -1.12337
8 0.344324 2.22271 0.0300000 1.00000 -1.29363
9 0.228210 1.78569 0.0300000 1.00000 0.0437667
10 0.221808 0.883345 0.0300000 1.00000 -0.311187
11 0.817951 0.0861805 0.0300000 1.00000 -2.78370
12 1.87362 2.58679 0.0300000 1.00000 -1.66012
13 0.00882319 3.03136 0.0300000 1.00000 -2.62261
14 0.133475 2.70802 0.0300000 1.00000 -1.86161
15 2.46512 2.39348 0.0300000 1.00000 -1.79385
16 0.485265 0.983153 0.0300000 1.00000 -1.78851
17 1.87376 1.86900 0.0300000 1.00000 -1.97853
18 2.46014 1.19020 0.0300000 1.00000 -0.922843
19 2.36064 1.40622 0.0300000 1.00000 -2.26742
20 3.09899 2.40121 0.0300000 1.00000 -1.65523
35
1 1.28777 0.692434 0.0300000 1.00000 -2.03977
2 1.07490 2.27893 0.0300000 1.00000 -3.19305
3 0.810702 2.83798 0.0300000 1.00000 -1.79784
4 0.634360 2.42578 0.0300000 1.00000 -1.38510
5 1.72228 1.60231 0.0300000 1.00000 -2.05207
6 1.05442 0.305086 0.0300000 1.00000 -1.07629
7 0.784825 0.596350 0.0300000 1.00000 -0.264990
8 0.352532 2.19386 0.0300000 1.00000 -0.0994232
9 0.258181 1.78700 0.0300000 1.00000 -2.76033
10 0.250367 0.874160 0.0300000 1.00000 -1.52571
11 0.789852 0.0756714 0.0300000 1.00000 -1.15851
12 1.87095 2.55691 0.0300000 1.00000 -0.579698
13 3.08277 3.01648 0.0300000 1.00000 -2.42451
14 0.124873 2.67928 0.0300000 1.00000 -0.879114
15 2.45848 2.36422 0.0300000 1.00000 -2.99745
16 0.478785 0.953861 0.0300000 1.00000 -1.73702
17 1.86187 1.84146 0.0300000 1.00000 -2.60592
18 2.47824 1.16628 0.0300000 1.00000 -1.77653
19 2.34140 1.38321 0.0300000 1.00000 -0.258512
20 3.09646 2.37132 0.0300000 1.00000 -2.84403
36
1 1.27421 0.665673 0.0300000 1.00000 -2.08618
2 1.04494 2.28047 0.0300000 1.00000 -2.67750
3 0.803949 2.80875 0.0300000 1.00000 -1.13172
4 0.639899 2.39629 0.0300000 1.00000 -0.227255
5 1.70839 1.57572 0.0300000 1.00000 -2.97505
6 1.06865 0.278680 0.0300000 1.00000 -1.66582
7 0.813778 0.588493 0.0300000 1.00000 -2.28096
8 0.382384 2.19088 0.0300000 1.00000 -3.26620
9 0.230335 1.77584 0.0300000 1.00000 -2.00081
10 0.251719 0.844190 0.0300000 1.00000 -3.07805
11 0.801873 0.0481851 0.0300000 1.00000 -1.60262
12 1.89605 2.54047 0.0300000 1.00000 -1.56845
13 3.06016 2.99677 0.0300000 1.00000 -3.70035
14 0.144008 2.65618 0.0300000 1.00000 -1.69975
15 2.42880 2.35992 0.0300000 1.00000 -3.56073
16 0.473822 0.924275 0.0300000 1.00000 -2.42914
17 1.83607 1.82615 0.0300000 1.00000 -1.13727
18 2.47211 1.13691 0.0300000 1.00000 -2.47250
19 2.37040 1.37554 0.0300000 1.00000 -1.30254
20 3.06778 2.36252 0.0300000 1.00000 -0.927269
37
1 1.25943 0.639570 0.0300000 1.00000 -3.14369
2 1.01812 2.26705 0.0300000 1.00000 -3.55224
3 0.816703 2.78160 0.0300000 1.00000 -2.89418
4 0.669128 2.38953 0.0300000 1.00000 -1.32839
5 1.67880 1.57074 0.0300000 1.00000 -3.63526
6 1.06581 0.248816 0.0300000 1.00000 -1.95132
7 0.794219 0.565745 0.0300000 1.00000 -2.84056
8 0.352617 2.19461 0.0300000 1.00000 -1.10602
9 0.217829 1.74857 0.0300000 1.00000 -2.79101
10 0.221780 0.842285 0.0300000 1.00000 -2.03527
11 0.800919 0.0182003 0.0300000 1.00000 -1.88004
12 1.89612 2.51047 0.0300000 1.00000 -0.959324
13 3.03472 3.01267 0.0300000 1.00000 -2.87173
14 0.140150 2.62643 0.0300000 1.00000 -2.12751
15 2.40139 2.37212 0.0300000 1.00000 -0.836390
16 0.451119 0.904664 0.0300000 1.00000 -0.921251
17 1.84867 1.79892 0.0300000 1.00000 -0.539727
18 2.44858 1.11830 0.0300000 1.00000 -0.910036
19 2.37835 1.34661 0.0300000 1.00000 -3.50471
20 3.08578 2.33852 0.0300000 1.00000 -2.77323
38
1 1.22943 0.639633 0.0300000 1.00000 -1.92594
2 0.990611 2.27902 0.0300000 1.00000 -3.52618
3 0.787616 2.77425 0.0300000 1.00000 -1.49033
4 0.676329 2.36041 0.0300000 1.00000 -1.50881
5 1.65239 1.58496 0.0300000 1.00000 -0.766764
6 1.05467 0.220962 0.0300000 1.00000 -1.76118
7 0.765568 0.556850 0.0300000 1.00000 -2.20494
8 0.366063 2.16779 0.0300000 1.00000 -3.35895
9 0.189653 1.73827 0.0300000 1.00000 -2.99804
10 0.208341 0.815463 0.0300000 1.00000 -1.09069
11 0.791789 3.08962 0.0300000 1.00000 -1.47764
12 1.91334 2.48591 0.0300000 1.00000 -3.66026
13 3.00581 3.00467 0.0300000 1.00000 -2.36808
14 0.124298 2.60096 0.0300000 1.00000 -1.74937
15 2.42150 2.34986 0.0300000 1.00000 -1.75771
16 0.469264 0.880773 0.0300000 1.00000 -0.893169
17 1.87440 1.78351 0.0300000 1.00000 -3.48863
18 2.46699 1.09462 0.0300000 1.00000 -1.39639
19 2.35031 1.35727 0.0300000 1.00000 -3.49686
20 3.05779 2.32772 0.0300000 1.00000 -2.92661
39
1 1.21899 0.611505 0.0300000 1.00000 -2.26383
2 0.962802 2.29028 0.0300000 1.00000 -3.38461
3 0.790027 2.74435 0.0300000 1.00000 -3.73670
4 0.678187 2.33047 0.0300000 1.00000 -1.55367
5 1.67399 1.56415 0.0300000 1.00000 -2.56224
6 1.04899 0.191504 0.0300000 1.00000 -2.41569
7 0.747794 0.532683 0.0300000 1.00000 -2.51937
8 0.336769 2.17426 0.0300000 1.00000 -1.41271
9 0.159962 1.73398 0.0300000 1.00000 -2.81897
10 0.222198 0.788855 0.0300000 1.00000 -2.74976
11 0.794580 3.05975 0.0300000 1.00000 -1.51519
12 1.88728 2.50078 0.0300000 1.00000 -1.43769
13 2.98435 2.98371 0.0300000 1.00000 -1.54417
14 0.118970 2.57143 0.0300000 1.00000 -0.998479
15 2.41592 2.32038 0.0300000 1.00000 -1.69673
16 0.488072 0.857401 0.0300000 1.00000 -0.911606
17 1.84619 1.79371 0.0300000 1.00000 -2.26950
18 2.47220 1.06507 0.0300000 1.00000 -3.57771
19 2.32218 1.36770 0.0300000 1.00000 -1.05516
20 3.02848 2.32132 0.0300000 1.00000 -1.95113
40
1 1.19983 0.588426 0.0300000 1.00000 -3.38581
2 0.933684 2.29750 0.0300000 1.00000 -1.69489
3 0.765185 2.76116 0.0300000 1.00000 -3.52522
4 0.678701 2.30047 0.0300000 1.00000 -1.46633
5 1.64889 1.54772 0.0300000 1.00000 -2.94333
6 1.02655 0.171589 0.0300000 1.00000 -1.10923
7 0.723416 0.515197 0.0300000 1.00000 -1.56158
8 0.341492 2.14463 0.0300000 1.00000 -1.85787
9 0.131510 1.72447 0.0300000 1.00000 -1.85803
10 0.194471 0.777399 0.0300000 1.00000 -3.53178
11 0.796247 3.02980 0.0300000 1.00000 -3.35487
12 1.89127 2.47105 0.0300000 1.00000 -2.03600
13 2.98514 2.95372 0.0300000 1.00000 -1.84512
14 0.135217 2.54621 0.0300000 1.00000 -2.68905
15 2.41215 2.29062 0.0300000 1.00000 -1.12781
16 0.506446 0.833687 0.0300000 1.00000 -2.38174
17 1.82690 1.77074 0.0300000 1.00000 -2.61644
18 2.44501 1.07774 0.0300000 1.00000 -2.73282
19 2.33697 1.34160 0.0300000 1.00000 -1.62857
20 3.01735 2.29346 0.0300000 1.00000 -2.62559
41
1 1.17072 0.595680 0.0300000 1.00000 -2.11872
2 0.929970 2.26773 0.0300000 1.00000 -1.59117
3 0.737365 2.77239 0.0300000 1.00000 -3.65708
4 0.681829 2.27064 0.0300000 1.00000 -2.65451
5 1.61947 1.54181 0.0300000 1.00000 -1.65010
6 1.03991 0.144729 0.0300000 1.00000 -2.23443
7 0.723693 0.485199 0.0300000 1.00000 -2.73030
8 0.332998 2.11586 0.0300000 1.00000 -2.86096
9 0.123011 1.69569 0.0300000 1.00000 -2.22646
10 0.166726 0.788809 0.0300000 1.00000 -2.90396
11 0.766927 3.03615 0.0300000 1.00000 -3.63440
12 1.87781 2.44423 0.0300000 1.00000 -3.60218
13 2.97702 2.92485 0.0300000 1.00000 -3.21580
14 0.108237 2.53310 0.0300000 1.00000 -3.62938
15 2.42501 2.26351 0.0300000 1.00000 -1.06370
16 0.484698 0.813022 0.0300000 1.00000 -4.00170
17 1.80094 1.75570 0.0300000 1.00000 -1.06644
18 2.41748 1.06582 0.0300000 1.00000 -0.952888
19 2.33524 1.31165 0.0300000 1.00000 -3.71873
20 2.99125 2.27866 0.0300000 1.00000 -3.07736
42
1 1.15509 0.570072 0.0300000 1.00000 -3.03953
2 0.929359 2.23773 0.0300000 1.00000 -3.18876
3 0.711264 2.78718 0.0300000 1.00000 -4.27396
4 0.655318 2.25660 0.0300000 1.00000 -2.20704
5 1.61710 1.51191 0.0300000 1.00000 -2.41266
6 1.02143 0.121096 0.0300000 1.00000 -1.07799
7 0.696195 0.473205 0.0300000 1.00000 -3.65759
8 0.304171 2.10755 0.0300000 1.00000 -3.90106
9 0.104720 1.67192 0.0300000 1.00000 -3.15319
10 0.137569 0.781748 0.0300000 1.00000 -3.43267
11 0.740497 3.05034 0.0300000 1.00000 -4.24684
12 1.85093 2.45757 0.0300000 1.00000 -2.78839
13 2.94710 2.92707 0.0300000 1.00000 -3.19031
14 0.0817359 2.54716 0.0300000 1.00000 -3.96048
15 2.43958 2.23729 0.0300000 1.00000 -3.61357
16 0.465127 0.835760 0.0300000 1.00000 -3.24387
17 1.81544 1.72944 0.0300000 1.00000 -1.60396
18 2.43486 1.04137 0.0300000 1.00000 -0.724636
19 2.31010 1.32802 0.0300000 1.00000 -3.06375
20 2.96131 2.27673 0.0300000 1.00000 -3.40905
43
1 1.12525 0.567015 0.0300000 1.00000 -2.78841
2 0.899392 2.23915 0.0300000 1.00000 3.25197
3 0.698528 2.81434 0.0300000 1.00000 2.35068
4 0.637493 2.23247 0.0300000 1.00000 2.64591
5 1.59472 1.49192 0.0300000 1.00000 1.75149
6 1.03563 0.0946657 0.0300000 1.00000 -2.49086
7 0.670101 0.488007 0.0300000 1.00000 -3.02265
8 0.282415 2.12821 0.0300000 1.00000 1.71373
9 0.0747221 1.67226 0.0300000 1.00000 3.92368
10 0.108831 0.790357 0.0300000 1.00000 -3.52797
11 0.727029 3.07715 0.0300000 1.00000 2.82787
12 1.82279 2.44719 0.0300000 1.00000 2.50310
13 2.91714 2.92853 0.0300000 1.00000 -1.31040
14 0.0612448 2.56907 0.0300000 1.00000 2.24278
15 2.41286 2.25093 0.0300000 1.00000 -3.20331
16 0.435284 0.838822 0.0300000 1.00000 -2.41794
17 1.81444 1.69945 0.0300000 1.00000 4.51177
18 2.45732 1.02148 0.0300000 1.00000 -2.60214
19 2.28019 1.32569 0.0300000 1.00000 -1.47373
20 2.93238 2.28466 0.0300000 1.00000 -1.63846
44
1 1.09710 0.556638 0.0300000 1.00000 -2.70755
2 0.869575 2.23584 0.0300000 1.00000 1.77719
3 0.677433 2.83567 0.0300000 1.00000 1.81688
4 0.611104 2.24673 0.0300000 1.00000 2.36122
5 1.58933 1.52144 0.0300000 1.00000 -3.88469
6 1.01176 0.0764927 0.0300000 1.00000 -1.42548
7 0.640313 0.484447 0.0300000 1.00000 -2.80246
8 0.278142 2.15790 0.0300000 1.00000 1.45228
9 0.0534388 1.65112 0.0300000 1.00000 1.63357
10 0.0810428 0.801662 0.0300000 1.00000 -2.24505
11 0.698494 3.08641 0.0300000 1.00000 2.86049
12 1.79870 2.46507 0.0300000 1.00000 3.95247
13 2.92486 2.89954 0.0300000 1.00000 -0.986352
14 0.0425686 2.59254 0.0300000 1.00000 3.40745
15 2.38292 2.25278 0.0300000 1.00000 -0.944570
16 0.412803 0.818959 0.0300000 1.00000 -1.23524
17 1.80846 1.67005 0.0300000 1.00000 -1.73133
18 2.43158 1.00607 0.0300000 1.00000 -2.15381
19 2.28310 1.29583 0.0300000 1.00000 -2.85781
20 2.93035 2.25473 0.0300000 1.00000 -1.00670
45
1 1.06988 0.544022 0.0300000 1.00000 -2.51337
2 0.863427 2.26521 0.0300000 1.00000 2.05889
3 0.670124 2.86477 0.0300000 1.00000 1.64074
4 0.589784 2.26784 0.0300000 1.00000 2.51449
5 1.56724 1.54173 0.0300000 1.00000 -2.60317
6 1.01610 0.0468089 0.0300000 1.00000 -2.62604
7 0.612022 0.474467 0.0300000 1.00000 -1.32184
8 0.281689 2.18769 0.0300000 1.00000 1.84155
9 0.0515569 1.68106 0.0300000 1.00000 2.10460
10 0.0623135 0.778227 0.0300000 1.00000 -3.00150
11 0.669671 3.09473 0.0300000 1.00000 1.57836
12 1.77803 2.44332 0.0300000 1.00000 3.41215
13 2.94141 2.87452 0.0300000 1.00000 -3.00016
14 0.0136225 2.58466 0.0300000 1.00000 0.981723
15 2.40050 2.22847 0.0300000 1.00000 -0.688687
16 0.422681 0.790632 0.0300000 1.00000 -2.99247
17 1.80367 1.64044 0.0300000 1.00000 -3.97769
18 2.41507 0.981026 0.0300000 1.00000 -1.56525
19 2.25430 1.28743 0.0300000 1.00000 -3.15939
20 2.94639 2.22938 0.0300000 1.00000 -0.394153
46
1 1.04561 0.526391 0.0300000 1.00000 -1.84503
2 0.849359 2.29170 0.0300000 1.00000 2.63744
3 0.668028 2.89470 0.0300000 1.00000 0.741422
4 0.565492 2.28544 0.0300000 1.00000 1.48823
5 1.54148 1.52635 0.0300000 1.00000 2.42690
6 0.990000 0.0320184 0.0300000 1.00000 -4.17110
7 0.619413 0.445392 0.0300000 1.00000 -4.24650
8 0.273666 2.21660 0.0300000 1.00000 3.62526
9 0.0362925 1.70689 0.0300000 1.00000 1.99485
10 0.0326074 0.774038 0.0300000 1.00000 -3.75343
11 0.669444 0.0247295 0.0300000 1.00000 1.49424
12 1.74912 2.43531 0.0300000 1.00000 1.83866
13 2.91171 2.87029 0.0300000 1.00000 -4.12321
14 0.0302903 2.60961 0.0300000 1.00000 1.66728
15 2.42366 2.20941 0.0300000 1.00000 -3.20616
16 0.393014 0.786175 0.0300000 1.00000 -3.32150
17 1.78356 1.66270 0.0300000 1.00000 4.19415
18 2.41523 0.951027 0.0300000 1.00000 -3.68003
19 2.22430 1.28796 0.0300000 1.00000 -1.94266
20 2.97409 2.21786 0.0300000 1.00000 -1.48939
47
1 1.03748 0.497512 0.0300000 1.00000 1.40562
2 0.823091 2.30619 0.0300000 1.00000 2.16164
3 0.690153 2.91496 0.0300000 1.00000 2.84043
4 0.567966 2.31534 0.0300000 1.00000 1.31855
5 1.51882 1.54601 0.0300000 1.00000 1.39226
6 0.974543 0.0577298 0.0300000 1.00000 2.75569
7 0.605937 0.472194 0.0300000 1.00000 2.56392
8 0.247107 2.20265 0.0300000 1.00000 1.36853
9 0.0239488 1.73423 0.0300000 1.00000 2.27563
10 0.00804949 0.791269 0.0300000 1.00000 1.56791
11 0.671738 0.0546417 0.0300000 1.00000 2.45947
12 1.74118 2.46424 0.0300000 1.00000 3.22493
13 2.89504 2.89523 0.0300000 1.00000 -1.89393
14 0.0274002 2.63947 0.0300000 1.00000 0.634032
15 2.39373 2.21134 0.0300000 1.00000 -1.86709
16 0.363498 0.791543 0.0300000 1.00000 1.60994
17 1.76870 1.63664 0.0300000 1.00000 3.12916
18 2.38948 0.966411 0.0300000 1.00000 -1.81477
19 2.21340 1.26001 0.0300000 1.00000 -2.17148
20 2.97653 2.18796 0.0300000 1.00000 -3.09893
48
1 1.04242 0.527104 0.0300000 1.00000 3.47968
2 0.806380 2.33111 0.0300000 1.00000 1.09336
3 0.661503 2.92386 0.0300000 1.00000 2.58564
4 0.575454 2.34439 0.0300000 1.00000 1.71588
5 1.52415 1.57553 0.0300000 1.00000 2.20016
6 0.946749 0.0690217 0.0300000 1.00000 3.39225
7 0.580805 0.488577 0.0300000 1.00000 1.69013
8 0.253134 2.23204 0.0300000 1.00000 1.16580
9 0.00451163 1.75708 0.0300000 1.00000 2.11871
10 0.00813609 0.821268 0.0300000 1.00000 2.56918
11 0.648451 0.0735550 0.0300000 1.00000 1.45478
12 1.71129 2.46174 0.0300000 1.00000 2.66839
13 2.88552 2.86679 0.0300000 1.00000 -1.26246
14 0.0515696 2.65724 0.0300000 1.00000 0.982521
15 2.38497 2.18265 0.0300000 1.00000 -3.92523
16 0.362324 0.821520 0.0300000 1.00000 1.29685
17 1.73870 1.63701 0.0300000 1.00000 3.88580
18 2.38223 0.937299 0.0300000 1.00000 3.64955
19 2.19645 1.23526 0.0300000 1.00000 -3.26574
20 2.94656 2.18668 0.0300000 1.00000 -1.27568
49
1 1.01412 0.517153 0.0300000 1.00000 2.56532
2 0.820165 2.35775 0.0300000 1.00000 0.981348
3 0.636021 2.93969 0.0300000 1.00000 2.27704
4 0.571116 2.37408 0.0300000 1.00000 0.798163
5 1.50649 1.59979 0.0300000 1.00000 2.08529
6 0.917686 0.0615805 0.0300000 1.00000 2.78454
7 0.577233 0.518363 0.0300000 1.00000 3.91682
8 0.264954 2.25961 0.0300000 1.00000 2.38634
9 3.08888 1.78269 0.0300000 1.00000 1.25530
10 3.08292 0.837518 0.0300000 1.00000 2.49259
11 0.651924 0.103353 0.0300000 1.00000 2.92951
12 1.68458 2.47541 0.0300000 1.00000 3.12214
13 2.89462 2.83820 0.0300000 1.00000 -4.24442
14 0.0682174 2.68220 0.0300000 1.00000 2.54403
15 2.36372 2.20382 0.0300000 1.00000 -1.48214
16 0.370441 0.850401 0.0300000 1.00000 2.66495
17 1.71663 1.61669 0.0300000 1.00000 3.86285
18 2.35602 0.922707 0.0300000 1.00000 -2.87182
19 2.16668 1.23898 0.0300000 1.00000 -4.13894
20 2.95528 2.15797 0.0300000 1.00000 -3.52641
50
1 0.988960 0.533500 0.0300000 1.00000 4.01568
2 0.836842 2.38269 0.0300000 1.00000 3.55013
3 0.616552 2.96251 0.0300000 1.00000 1.49599
4 0.592057 2.39556 0.0300000 1.00000 3.39701
5 1.49173 1.62590 0.0300000 1.00000 1.10681
6 0.889578 0.0720658 0.0300000 1.00000 2.89057
7 0.555805 0.497367 0.0300000 1.00000 2.53073
8 0.243111 2.28017 0.0300000 1.00000 3.07850
9 3.09819 1.81121 0.0300000 1.00000 3.93049
10 3.05902 0.855650 0.0300000 1.00000 3.44322
11 0.622596 0.109668 0.0300000 1.00000 3.50783
12 1.65459 2.47599 0.0300000 1.00000 3.81496
13 2.88109 2.86498 0.0300000 1.00000 3.03207
14 0.0434161 2.69907 0.0300000 1.00000 3.60509
15 2.36637 2.17394 0.0300000 1.00000 1.96268
16 0.343784 0.864165 0.0300000 1.00000 2.51568
17 1.69410 1.59688 0.0300000 1.00000 1.52508
18 2.32710 0.914712 0.0300000 1.00000 1.30232
19 2.15040 1.26418 0.0300000 1.00000 3.02380
20 2.92748 2.16924 0.0300000 1.00000 3.27982
51
1 0.969709 0.510492 0.0300000 1.00000 3.06069
2 0.809311 2.37077 0.0300000 1.00000 1.69315
3 0.618794 2.99243 0.0300000 1.00000 1.76340
4 0.563030 2.38798 0.0300000 1.00000 1.96822
5 1.50516 1.65273 0.0300000 1.00000 2.66416
6 0.860519 0.0795177 0.0300000 1.00000 3.32673
7 0.531231 0.514574 0.0300000 1.00000 1.07778
8 0.213171 2.28206 0.0300000 1.00000 3.83561
9 3.07705 1.78992 0.0300000 1.00000 3.29964
10 3.03037 0.846738 0.0300000 1.00000 3.88198
11 0.594586 0.0989253 0.0300000 1.00000 2.40343
12 1.63114 2.45729 0.0300000 1.00000 2.34972
13 2.85127 2.86826 0.0300000 1.00000 1.86662
14 0.0165813 2.68566 0.0300000 1.00000 4.12045
15 2.35492 2.20167 0.0300000 1.00000 2.65787
16 0.319471 0.881740 0.0300000 1.00000 2.41082
17 1.69547 1.62685 0.0300000 1.00000 2.33311
18 2.33506 0.943637 0.0300000 1.00000 2.50410
19 2.12061 1.26771 0.0300000 1.00000 2.03403
20 2.89776 2.16510 0.0300000 1.00000 1.23803
52
1 0.939807 0.512916 0.0300000 1.00000 3.86081
2 0.805649 2.40055 0.0300000 1.00000 3.04491
3 0.613052 3.02187 0.0300000 1.00000 1.50851
4 0.551419 2.41564 0.0300000 1.00000 1.30294
5 1.47851 1.66652 0.0300000 1.00000 3.31203
6 0.831031 0.0739952 0.0300000 1.00000 2.33197
7 0.545429 0.541002 0.0300000 1.00000 2.51882
8 0.190110 2.26288 0.0300000 1.00000 1.26140
9 3.04743 1.78520 0.0300000 1.00000 3.68171
10 3.00823 0.826501 0.0300000 1.00000 1.59621
11 0.572395 0.119113 0.0300000 1.00000 1.34341
12 1.61006 2.47864 0.0300000 1.00000 1.84640
13 2.84252 2.89695 0.0300000 1.00000 2.14202
14 3.09984 2.66077 0.0300000 1.00000 2.69827
15 2.32836 2.21562 0.0300000 1.00000 2.13250
16 0.297132 0.901764 0.0300000 1.00000 2.85616
17 1.67475 1.64855 0.0300000 1.00000 1.89452
18 2.31095 0.961493 0.0300000 1.00000 3.52121
19 2.10720 1.29454 0.0300000 1.00000 2.54091
20 2.90756 2.19346 0.0300000 1.00000 1.83710
53
1 0.917238 0.493152 0.0300000 1.00000 1.40701
2 0.775790 2.40344 0.0300000 1.00000 3.28517
3 0.614919 3.05182 0.0300000 1.00000 1.20860
4 0.559359 2.44457 0.0300000 1.00000 2.75840
5 1.44895 1.66143 0.0300000 1.00000 3.80293
6 0.810338 0.0957160 0.0300000 1.00000 1.41987
7 0.521061 0.558500 0.0300000 1.00000 2.66300
8 0.199245 2.29145 0.0300000 1.00000 2.75012
9 3.02170 1.76977 0.0300000 1.00000 2.37501
10 3.00746 0.856491 0.0300000 1.00000 2.52976
11 0.579158 0.148341 0.0300000 1.00000 2.08447
12 1.60190 2.50750 0.0300000 1.00000 1.57181
13 2.82630 2.92219 0.0300000 1.00000 2.59306
14 3.07274 2.67363 0.0300000 1.00000 3.34908
15 2.31238 2.24101 0.0300000 1.00000 3.88513
16 0.268345 0.910211 0.0300000 1.00000 3.81161
17 1.66521 1.67699 0.0300000 1.00000 2.74399
18 2.28309 0.950376 0.0300000 1.00000 1.31710
19 2.08246 1.31150 0.0300000 1.00000 3.70409
20 2.89967 2.22240 0.0300000 1.00000 3.55079
54
1 0.922129 0.522751 0.0300000 1.00000 1.27742
2 0.746098 2.39915 0.0300000 1.00000 3.53485
3 0.625549 3.07987 0.0300000 1.00000 1.37666
4 0.531535 2.45579 0.0300000 1.00000 1.12352
5 1.42527 1.64300 0.0300000 1.00000 3.05448
6 0.814849 0.125375 0.0300000 1.00000 3.25091
7 0.494432 0.572316 0.0300000 1.00000 1.13635
8 0.171514 2.30290 0.0300000 1.00000 3.63378
9 3.00009 1.79058 0.0300000 1.00000 1.49296
10 2.98291 0.873722 0.0300000 1.00000 2.18023
11 0.564416 0.174469 0.0300000 1.00000 1.25837
12 1.60187 2.53750 0.0300000 1.00000 1.44633
13 2.80070 2.93783 0.0300000 1.00000 1.67217
14 3.04339 2.66745 0.0300000 1.00000 4.35750
15 2.29030 2.22070 0.0300000 1.00000 4.05393
16 0.244831 0.891581 0.0300000 1.00000 1.49711
17 1.63755 1.68860 0.0300000 1.00000 3.70668
18 2.29062 0.979415 0.0300000 1.00000 3.57166
19 2.05708 1.29550 0.0300000 1.00000 2.93746
20 2.87214 2.21046 0.0300000 1.00000 4.40819
55
1 0.930805 0.551469 0.0300000 1.00000 1.54616
2 0.718388 2.38766 0.0300000 1.00000 2.11379
3 0.631336 0.00930621 0.0300000 1.00000 3.64688
4 0.544510 2.48284 0.0300000 1.00000 1.98609
5 1.39538 1.64561 0.0300000 1.00000 3.92194
6 0.785028 0.122102 0.0300000 1.00000 2.65689
7 0.507059 0.599529 0.0300000 1.00000 0.945505
8 0.145075 2.28872 0.0300000 1.00000 2.84625
9 3.00242 1.82049 0.0300000 1.00000 1.81110
10 2.96573 0.898321 0.0300000 1.00000 3.89268
11 0.573637 0.203017 0.0300000 1.00000 3.40891
12 1.60559 2.56727 0.0300000 1.00000 2.66287
13 2.79767 2.96768 0.0300000 1.00000 1.76422
14 3.03296 2.63932 0.0300000 1.00000 2.84119
15 2.27194 2.19698 0.0300000 1.00000 3.27639
16 0.247040 0.921499 0.0300000 1.00000 1.15495
17 1.61222 1.67254 0.0300000 1.00000 2.44194
18 2.26335 0.966907 0.0300000 1.00000 2.27537
19 2.02770 1.30158 0.0300000 1.00000 2.60349
20 2.86316 2.18184 0.0300000 1.00000 3.48707
56
1 0.931544 0.581460 0.0300000 1.00000 2.06214
2 0.702887 2.41334 0.0300000 1.00000 1.76516
3 0.605085 3.09478 0.0300000 1.00000 1.67065
4 0.532406 2.51029 0.0300000 1.00000 3.40451
5 1.37406 1.62451 0.0300000 1.00000 4.06556
6 0.758483 0.136080 0.0300000 1.00000 2.71136
7 0.524619 0.623853 0.0300000 1.00000 1.25426
8 0.116374 2.29745 0.0300000 1.00000 1.35246
9 2.99528 1.84963 0.0300000 1.00000 2.55901
10 2.94380 0.877848 0.0300000 1.00000 1.21503
11 0.544703 0.195093 0.0300000 1.00000 3.45859
12 1.57896 2.58109 0.0300000 1.00000 2.41171
13 2.79190 2.99712 0.0300000 1.00000 4.03324
14 3.00430 2.64820 0.0300000 1.00000 1.71982
15 2.24221 2.19294 0.0300000 1.00000 4.30615
16 0.259159 0.948943 0.0300000 1.00000 2.01402
17 1.58926 1.69186 0.0300000 1.00000 2.35860
18 2.24392 0.989764 0.0300000 1.00000 2.38795
19 2.00194 1.31696 0.0300000 1.00000 2.07550
20 2.83493 2.17168 0.0300000 1.00000 1.57407
57
1 0.917390 0.607911 0.0300000 1.00000 2.12171
2 0.697093 2.44278 0.0300000 1.00000 2.60756
3 0.602095 0.0246350 0.0300000 1.00000 2.55359
4 0.503437 2.50249 0.0300000 1.00000 2.79841
5 1.35598 1.60057 0.0300000 1.00000 0.769122
6 0.731217 0.148593 0.0300000 1.00000 2.50053
7 0.533957 0.652362 0.0300000 1.00000 2.52081
8 0.122872 2.32674 0.0300000 1.00000 1.99568
9 2.97023 1.86614 0.0300000 1.00000 3.52955
10 2.95425 0.905969 0.0300000 1.00000 3.76733
11 0.516197 0.185741 0.0300000 1.00000 2.25365
12 1.55661 2.60109 0.0300000 1.00000 3.19881
13 2.77306 2.97378 0.0300000 1.00000 2.62038
14 2.99985 2.67787 0.0300000 1.00000 3.64443
15 2.23036 2.16539 0.0300000 1.00000 3.44522
16 0.246293 0.976044 0.0300000 1.00000 1.83320
17 1.56800 1.71302 0.0300000 1.00000 1.44640
18 2.22204 1.01029 0.0300000 1.00000 1.13852
19 1.98743 1.34322 0.0300000 1.00000 3.27672
20 2.83483 2.20168 0.0300000 1.00000 2.81674
58
1 0.901686 0.633472 0.0300000 1.00000 1.14610
2 0.671270 2.45805 0.0300000 1.00000 3.16955
3 0.577133 0.0412759 0.0300000 1.00000 1.58400
4 0.475187 2.51259 0.0300000 1.00000 1.72612
5 1.37754 1.62143 0.0300000 1.00000 3.60382
6 0.707174 0.166534 0.0300000 1.00000 1.92276
7 0.509555 0.669813 0.0300000 1.00000 3.61197
8 0.110506 2.35407 0.0300000 1.00000 2.13622
9 2.94246 1.85479 0.0300000 1.00000 1.35930
10 2.92994 0.888399 0.0300000 1.00000 3.40398
11 0.497267 0.209015 0.0300000 1.00000 1.25554
12 1.52665 2.59938 0.0300000 1.00000 3.92899
13 2.74704 2.98871 0.0300000 1.00000 3.57437
14 2.97356 2.66341 0.0300000 1.00000 4.16398
15 2.20173 2.15642 0.0300000 1.00000 2.72060
16 0.238511 1.00502 0.0300000 1.00000 2.58289
17 1.57172 1.74279 0.0300000 1.00000 2.89734
18 2.23461 1.03753 0.0300000 1.00000 0.990004
19 1.95771 1.33918 0.0300000 1.00000 3.91877
20 2.80640 2.21126 0.0300000 1.00000 2.64667
59
1 0.914047 0.660807 0.0300000 1.00000 1.85032
2 0.641282 2.45721 0.0300000 1.00000 3.39578
3 0.576737 0.0712733 0.0300000 1.00000 2.43192
4 0.470546 2.54222 0.0300000 1.00000 2.47629
5 1.35069 1.60805 0.0300000 1.00000 2.64987
6 0.696831 0.194695 0.0300000 1.00000 2.20328
7 0.482813 0.656216 0.0300000 1.00000 2.06844
8 0.0944329 2.37940 0.0300000 1.00000 2.41536
9 2.94876 1.88412 0.0300000 1.00000 -4.45857
10 2.90096 0.880617 0.0300000 1.00000 4.39278
11 0.506569 0.237536 0.0300000 1.00000 1.61955
12 1.50548 2.57812 0.0300000 1.00000 3.29218
13 2.71981 2.97613 0.0300000 1.00000 -3.39881
14 2.95792 2.63781 0.0300000 1.00000 -3.44427
15 2.17435 2.16868 0.0300000 1.00000 -1.78941
16 0.213073 1.02092 0.0300000 1.00000 1.73894
17 1.54261 1.75004 0.0300000 1.00000 3.41157
18 2.25107 1.06261 0.0300000 1.00000 -1.62437
19 1.93632 1.31814 0.0300000 1.00000 1.79905
20 2.78000 2.22551 0.0300000 1.00000 -1.82260
60
1 0.905770 0.689643 0.0300000 1.00000 1.90113
2 0.612246 2.44966 0.0300000 1.00000 3.17285
3 0.553980 0.0908208 0.0300000 1.00000 0.981295
4 0.446944 2.56074 0.0300000 1.00000 3.65740
5 1.32424 1.62222 0.0300000 1.00000 4.11857
6 0.679097 0.218892 0.0300000 1.00000 1.41279
7 0.468492 0.682577 0.0300000 1.00000 2.61820
8 0.0720025 2.39933 0.0300000 1.00000 3.53729
9 2.94123 1.91316 0.0300000 1.00000 -2.48042
10 2.89154 0.852136 0.0300000 1.00000 4.33737
11 0.505107 0.267500 0.0300000 1.00000 2.18247
12 1.47582 2.57362 0.0300000 1.00000 3.61853
13 2.69079 2.98376 0.0300000 1.00000 -1.58902
14 2.92929 2.64675 0.0300000 1.00000 -4.12451
15 2.16784 2.13939 0.0300000 1.00000 -4.56278
16 0.208052 1.05050 0.0300000 1.00000 1.41091
17 1.51370 1.74204 0.0300000 1.00000 3.71637
18 2.24946 1.03266 0.0300000 1.00000 -3.76922
19 1.92953 1.34736 0.0300000 1.00000 2.98429
20 2.77253 2.19645 0.0300000 1.00000 -3.57562
61
1 0.896039 0.718021 0.0300000 1.00000 1.05878
2 0.582261 2.44873 0.0300000 1.00000 -2.04035
3 0.570658 0.115757 0.0300000 1.00000 2.27593
4 0.420847 2.54595 0.0300000 1.00000 -3.10086
5 1.30746 1.59735 0.0300000 1.00000 3.44993
6 0.683817 0.248518 0.0300000 1.00000 3.60404
7 0.442508 0.697572 0.0300000 1.00000 1.05093
8 0.0443206 2.38776 0.0300000 1.00000 -3.13206
9 2.91755 1.89474 0.0300000 1.00000 -1.71943
10 2.88055 0.824221 0.0300000 1.00000 -2.85927
11 0.487880 0.292061 0.0300000 1.00000 3.65308
12 1.44917 2.55985 0.0300000 1.00000 -1.90514
13 2.69025 2.95377 0.0300000 1.00000 -3.88715
14 2.91265 2.67172 0.0300000 1.00000 -2.79507
15 2.16337 2.16905 0.0300000 1.00000 -1.59442
16 0.212828 1.08011 0.0300000 1.00000 2.99312
17 1.48852 1.72573 0.0300000 1.00000 4.18231
18 2.22518 1.05027 0.0300000 1.00000 -1.33286
19 1.89990 1.35206 0.0300000 1.00000 1.99741
20 2.74531 2.20907 0.0300000 1.00000 -3.47172
62
1 0.910737 0.744173 0.0300000 1.00000 1.52135
2 0.568686 2.42197 0.0300000 1.00000 -2.74490
3 0.551214 0.138603 0.0300000 1.00000 1.93322
4 0.390872 2.54472 0.0300000 1.00000 -1.75821
5 1.27887 1.58825 0.0300000 1.00000 -3.36950
6 0.656968 0.235134 0.0300000 1.00000 2.58372
7 0.457411 0.723609 0.0300000 1.00000 3.79088
8 0.0143220 2.38748 0.0300000 1.00000 -3.18778
9 2.91311 1.86507 0.0300000 1.00000 -1.02762
10 2.85174 0.815864 0.0300000 1.00000 -2.78232
11 0.461719 0.277377 0.0300000 1.00000 3.77615
12 1.43933 2.53151 0.0300000 1.00000 -1.92999
13 2.66820 2.97412 0.0300000 1.00000 -3.70349
14 2.88443 2.66153 0.0300000 1.00000 -2.48792
15 2.16266 2.13906 0.0300000 1.00000 -3.32449
16 0.183158 1.08455 0.0300000 1.00000 -3.82065
17 1.47335 1.69985 0.0300000 1.00000 -3.22048
18 2.23225 1.02112 0.0300000 1.00000 -3.13429
19 1.88749 1.37937 0.0300000 1.00000 -1.51253
20 2.71693 2.21879 0.0300000 1.00000 -4.03317
63
1 0.912220 0.774137 0.0300000 1.00000 2.94294
2 0.541016 2.41038 0.0300000 1.00000 -1.85378
3 0.540578 0.166654 0.0300000 1.00000 1.82628
4 0.385282 2.51525 0.0300000 1.00000 -2.78882
5 1.24965 1.59503 0.0300000 1.00000 -4.05164
6 0.631517 0.251016 0.0300000 1.00000 2.37791
7 0.433516 0.705470 0.0300000 1.00000 3.45328
8 3.08435 2.38886 0.0300000 1.00000 -2.07859
9 2.92861 1.83939 0.0300000 1.00000 -2.79611
10 2.82365 0.805316 0.0300000 1.00000 -2.41334
11 0.437559 0.259592 0.0300000 1.00000 1.46648
12 1.42878 2.50343 0.0300000 1.00000 -2.89995
13 2.64282 2.99010 0.0300000 1.00000 -3.62970
14 2.86062 2.64328 0.0300000 1.00000 -4.34152
15 2.13316 2.14452 0.0300000 1.00000 -2.03169
16 0.159813 1.10339 0.0300000 1.00000 -4.56474
17 1.44344 1.70221 0.0300000 1.00000 -3.50435
18 2.20225 1.02090 0.0300000 1.00000 -3.79502
19 1.88924 1.34942 0.0300000 1.00000 -1.84640
20 2.69808 2.24213 0.0300000 1.00000 -3.60523
64
1 0.882810 0.780057 0.0300000 1.00000 3.16821
2 0.532639 2.38158 0.0300000 1.00000 -4.19881
3 0.532996 0.195681 0.0300000 1.00000 3.02291
4 0.357130 2.50488 0.0300000 1.00000 -4.54054
5 1.23124 1.61871 0.0300000 1.00000 4.05719
6 0.609848 0.271763 0.0300000 1.00000 1.04082
7 0.404961 0.696270 0.0300000 1.00000 1.59153
8 3.06977 2.36265 0.0300000 1.00000 -1.61786
9 2.90038 1.82923 0.0300000 1.00000 -2.74905
10 2.80126 0.785349 0.0300000 1.00000 -4.26499
11 0.440683 0.289429 0.0300000 1.00000 1.40215
12 1.39965 2.49625 0.0300000 1.00000 -3.09815
13 2.61632 3.00417 0.0300000 1.00000 -2.76568
14 2.84974 2.67124 0.0300000 1.00000 -1.85733
15 2.11982 2.11765 0.0300000 1.00000 -3.28500
16 0.155400 1.13307 0.0300000 1.00000 3.92237
17 1.41540 1.71286 0.0300000 1.00000 1.52210
18 2.17843 1.03914 0.0300000 1.00000 -3.26706
19 1.88107 1.32055 0.0300000 1.00000 3.00359
20 2.67125 2.25555 0.0300000 1.00000 -1.98703
65
1 0.852821 0.779259 0.0300000 1.00000 2.25802
2 0.517900 2.40771 0.0300000 1.00000 2.40911
3 0.503207 0.199233 0.0300000 1.00000 1.80708
4 0.352000 2.53444 0.0300000 1.00000 4.31163
5 1.21296 1.59493 0.0300000 1.00000 2.16126
6 0.625013 0.297648 0.0300000 1.00000 2.10450
7 0.404339 0.726264 0.0300000 1.00000 1.99402
8 3.06836 2.33268 0.0300000 1.00000 -2.64758
9 2.87267 1.81775 0.0300000 1.00000 -1.84537
10 2.78828 0.812396 0.0300000 1.00000 2.54061
11 0.445718 0.319004 0.0300000 1.00000 3.43011
12 1.36968 2.49494 0.0300000 1.00000 -2.36275
13 2.58842 2.99316 0.0300000 1.00000 -3.72165
14 2.84127 2.64247 0.0300000 1.00000 -2.71030
15 2.09013 2.12194 0.0300000 1.00000 -2.09081
16 0.134089 1.11195 0.0300000 1.00000 1.22396
17 1.41686 1.74282 0.0300000 1.00000 2.16249
18 2.14867 1.04289 0.0300000 1.00000 -2.02927
19 1.85136 1.32468 0.0300000 1.00000 2.68951
20 2.65912 2.22811 0.0300000 1.00000 -2.38184
66
1 0.833789 0.802449 0.0300000 1.00000 1.29915
2 0.495595 2.42777 0.0300000 1.00000 2.10548
3 0.496185 0.228399 0.0300000 1.00000 2.88256
4 0.340296 2.50682 0.0300000 1.00000 3.55553
5 1.19625 1.61985 0.0300000 1.00000 4.45102
6 0.609752 0.323476 0.0300000 1.00000 3.03375
7 0.392018 0.753617 0.0300000 1.00000 2.89295
8 3.04194 2.31846 0.0300000 1.00000 -1.69450
9 2.86453 1.78887 0.0300000 1.00000 -3.56885
10 2.76354 0.829360 0.0300000 1.00000 2.53373
11 0.416958 0.310467 0.0300000 1.00000 0.658056
12 1.34833 2.47387 0.0300000 1.00000 -3.10040
13 2.56332 3.00960 0.0300000 1.00000 -1.97343
14 2.81401 2.62993 0.0300000 1.00000 -3.03338
15 2.07522 2.09590 0.0300000 1.00000 -4.27405
16 0.144287 1.14017 0.0300000 1.00000 2.89445
17 1.40012 1.76772 0.0300000 1.00000 3.83992
18 2.13539 1.01599 0.0300000 1.00000 -1.80879
19 1.82437 1.33779 0.0300000 1.00000 3.79428
20 2.63737 2.20745 0.0300000 1.00000 -1.64801
67
1 0.841839 0.831349 0.0300000 1.00000 1.78200
2 0.480308 2.45358 0.0300000 1.00000 -3.33992
3 0.467186 0.236084 0.0300000 1.00000 1.81769
4 0.312830 2.49475 0.0300000 1.00000 -3.73752
5 1.18850 1.59086 0.0300000 1.00000 -2.84744
6 0.579926 0.326705 0.0300000 1.00000 1.63006
7 0.362941 0.761000 0.0300000 1.00000 2.02214
8 3.03824 2.28868 0.0300000 1.00000 -2.71932
9 2.83723 1.80130 0.0300000 1.00000 -1.03703
10 2.73892 0.846493 0.0300000 1.00000 -2.42381
11 0.440694 0.328815 0.0300000 1.00000 2.45506
12 1.31835 2.47264 0.0300000 1.00000 -3.12979
13 2.55157 2.98200 0.0300000 1.00000 -3.45134
14 2.78419 2.62669 0.0300000 1.00000 -2.58056
15 2.06249 2.12307 0.0300000 1.00000 -2.87730
16 0.115198 1.14750 0.0300000 1.00000 4.57664
17 1.37715 1.74844 0.0300000 1.00000 -3.22236
18 2.12832 0.986836 0.0300000 1.00000 -2.06984
19 1.80054 1.31957 0.0300000 1.00000 -3.46425
20 2.63506 2.17754 0.0300000 1.00000 -2.62831
68
1 0.835550 0.860682 0.0300000 1.00000 2.38491
2 0.450896 2.45949 0.0300000 1.00000 -1.56368
3 0.459854 0.265174 0.0300000 1.00000 3.00579
4 0.288001 2.51159 0.0300000 1.00000 -2.81075
5 1.15979 1.58217 0.0300000 1.00000 2.67838
6 0.578149 0.356652 0.0300000 1.00000 1.65071
7 0.349856 0.787996 0.0300000 1.00000 1.79503
8 3.01088 2.27639 0.0300000 1.00000 -1.86251
9 2.85249 1.77548 0.0300000 1.00000 -4.15417
10 2.71632 0.826762 0.0300000 1.00000 -1.52479
11 0.417490 0.347831 0.0300000 1.00000 3.29384
12 1.28836 2.47228 0.0300000 1.00000 -1.83228
13 2.52299 2.99114 0.0300000 1.00000 -1.88031
14 2.75879 2.61072 0.0300000 1.00000 -4.35161
15 2.03353 2.11523 0.0300000 1.00000 -4.41108
16 0.111138 1.11778 0.0300000 1.00000 1.32667
17 1.34724 1.75086 0.0300000 1.00000 3.90010
18 2.11396 0.960494 0.0300000 1.00000 -1.60265
19 1.77209 1.32908 0.0300000 1.00000 1.94798
20 2.60892 2.16281 0.0300000 1.00000 -2.75156
69
1 0.813736 0.881278 0.0300000 1.00000 1.00911
2 0.451109 2.42949 0.0300000 1.00000 1.47605
3 0.430130 0.269236 0.0300000 1.00000 1.83314
4 0.259628 2.50185 0.0300000 1.00000 3.81600
5 1.13295 1.59557 0.0300000 1.00000 2.51236
6 0.575754 0.386556 0.0300000 1.00000 3.95100
7 0.343185 0.817245 0.0300000 1.00000 3.01284
8 3.00225 2.24766 0.0300000 1.00000 4.53515
9 2.83660 1.80092 0.0300000 1.00000 -3.31088
10 2.71770 0.796793 0.0300000 1.00000 -2.37906
11 0.387837 0.343281 0.0300000 1.00000 2.20915
12 1.28060 2.44330 0.0300000 1.00000 -4.26307
13 2.51386 2.96257 0.0300000 1.00000 2.89558
14 2.74820 2.63879 0.0300000 1.00000 2.09871
15 2.02463 2.14388 0.0300000 1.00000 -3.00011
16 0.118389 1.14689 0.0300000 1.00000 1.59130
17 1.32547 1.73022 0.0300000 1.00000 4.33660
18 2.11301 0.930510 0.0300000 1.00000 -2.86225
19 1.76104 1.35697 0.0300000 1.00000 4.36007
20 2.58118 2.15140 0.0300000 1.00000 2.15139
70
1 0.829715 0.906668 0.0300000 1.00000 1.23950
2 0.453947 2.45936 0.0300000 1.00000 3.57075
3 0.422350 0.298209 0.0300000 1.00000 2.51266
4 0.236196 2.48311 0.0300000 1.00000 4.41354
5 1.10870 1.61323 0.0300000 1.00000 2.01889
6 0.555056 0.364840 0.0300000 1.00000 2.73339
7 0.313433 0.821097 0.0300000 1.00000 2.53071
8 2.99696 2.21813 0.0300000 1.00000 1.84299
9 2.80703 1.80598 0.0300000 1.00000 -2.93406
10 2.69600 0.776071 0.0300000 1.00000 -1.73653
11 0.369961 0.367373 0.0300000 1.00000 4.09394
12 1.26757 2.47032 0.0300000 1.00000 3.59525
13 2.48476 2.96988 0.0300000 1.00000 3.79672
14 2.73309 2.66471 0.0300000 1.00000 3.99684
15 1.99493 2.13965 0.0300000 1.00000 3.51146
16 0.117774 1.17688 0.0300000 1.00000 3.77187
17 1.31446 1.70231 0.0300000 1.00000 3.97009
18 2.08417 0.922238 0.0300000 1.00000 -1.78050
19 1.75068 1.32881 0.0300000 1.00000 1.56770
20 2.56472 2.17649 0.0300000 1.00000 3.26162
71
1 0.839473 0.935037 0.0300000 1.00000 2.13077
2 0.426668 2.44687 0.0300000 1.00000 -2.95659
3 0.398090 0.315858 0.0300000 1.00000 2.45216
4 0.227363 2.45444 0.0300000 1.00000 -2.74508
5 1.09570 1.64027 0.0300000 1.00000 -4.06348
6 0.527521 0.376749 0.0300000 1.00000 3.80994
7 0.288859 0.838304 0.0300000 1.00000 2.15830
8 2.98889 2.24702 0.0300000 1.00000 -4.14805
9 2.77767 1.79980 0.0300000 1.00000 -2.66632
10 2.69105 0.746482 0.0300000 1.00000 -2.97611
11 0.352568 0.342930 0.0300000 1.00000 1.79234
12 1.24061 2.45718 0.0300000 1.00000 -1.96026
13 2.46097 2.95160 0.0300000 1.00000 -1.77355
14 2.71340 2.64207 0.0300000 1.00000 -4.17741
15 1.96696 2.12880 0.0300000 1.00000 -3.74161
16 0.0935383 1.15920 0.0300000 1.00000 2.43255
17 1.29418 1.68021 0.0300000 1.00000 -3.19529
18 2.07792 0.892895 0.0300000 1.00000 -3.40351
19 1.75078 1.35881 0.0300000 1.00000 -4.12880
20 2.53494 2.17289 0.0300000 1.00000 -3.61032
72
1 0.823538 0.960455 0.0300000 1.00000 3.35203
2 0.397180 2.44136 0.0300000 1.00000 2.50067
3 0.374942 0.334941 0.0300000 1.00000 3.19627
4 0.199691 2.44286 0.0300000 1.00000 1.85586
5 1.07757 1.66417 0.0300000 1.00000 3.81940
6 0.503976 0.358158 0.0300000 1.00000 2.50460
7 0.272231 0.863274 0.0300000 1.00000 2.36970
8 2.97285 2.27237 0.0300000 1.00000 1.80609
9 2.75100 1.78607 0.0300000 1.00000 3.86619
10 2.66146 0.741540 0.0300000 1.00000 1.82479
11 0.345976 0.372197 0.0300000 1.00000 2.12753
12 1.22921 2.42942 0.0300000 1.00000 4.29918
13 2.45493 2.92221 0.0300000 1.00000 2.31233
14 2.69811 2.66788 0.0300000 1.00000 2.01600
15 1.94220 2.14574 0.0300000 1.00000 4.29815
16 0.0707688 1.17874 0.0300000 1.00000 2.79855
17 1.26422 1.68182 0.0300000 1.00000 2.74593
18 2.04895 0.900663 0.0300000 1.00000 1.46778
19 1.73425 1.38385 0.0300000 1.00000 3.11721
20 2.50817 2.18645 0.0300000 1.00000 2.63745
73
1 0.794200 0.954188 0.0300000 1.00000 3.73987
2 0.373133 2.45929 0.0300000 1.00000 -2.54189
3 0.344987 0.333301 0.0300000 1.00000 2.79972
4 0.191254 2.47165 0.0300000 1.00000 -3.83866
5 1.05420 1.64536 0.0300000 1.00000 3.71443
6 0.479859 0.376002 0.0300000 1.00000 3.07802
7 0.250733 0.884199 0.0300000 1.00000 3.64470
8 2.96585 2.30154 0.0300000 1.00000 1.86463
9 2.72854 1.76618 0.0300000 1.00000 4.27044
10 2.65393 0.770578 0.0300000 1.00000 4.16852
11 0.330123 0.397666 0.0300000 1.00000 1.39513
12 1.21717 2.40195 0.0300000 1.00000 2.27591
13 2.43467 2.94434 0.0300000 1.00000 4.57258
14 2.68519 2.69495 0.0300000 1.00000 1.75974
15 1.93012 2.11828 0.0300000 1.00000 2.43379
16 0.0425167 1.18883 0.0300000 1.00000 1.36174
17 1.23654 1.69338 0.0300000 1.00000 1.18110
18 2.05203 0.930504 0.0300000 1.00000 2.81659
19 1.70426 1.38458 0.0300000 1.00000 3.37015
20 2.48190 2.20094 0.0300000 1.00000 2.87001
74
1 0.769410 0.937292 0.0300000 1.00000 1.92165
2 0.348368 2.44236 0.0300000 1.00000 3.77947
3 0.316723 0.343359 0.0300000 1.00000 2.86358
4 0.168252 2.49091 0.0300000 1.00000 4.14201
5 1.02899 1.62909 0.0300000 1.00000 4.04470
6 0.449920 0.377908 0.0300000 1.00000 1.63716
7 0.224450 0.869734 0.0300000 1.00000 4.03133
8 2.95716 2.33026 0.0300000 1.00000 2.50955
9 2.71570 1.73907 0.0300000 1.00000 2.90285
10 2.63840 0.744906 0.0300000 1.00000 -3.20387
11 0.335366 0.427204 0.0300000 1.00000 2.02319
12 1.19772 2.42479 0.0300000 1.00000 2.48086
13 2.43049 2.91463 0.0300000 1.00000 2.89974
14 2.67956 2.72442 0.0300000 1.00000 2.08609
15 1.90733 2.13779 0.0300000 1.00000 1.19635
16 0.0487429 1.21817 0.0300000 1.00000 2.58935
17 1.24794 1.72113 0.0300000 1.00000 3.89906
18 2.02360 0.940083 0.0300000 1.00000 4.62093
19 1.67504 1.37778 0.0300000 1.00000 2.55808
20 2.45300 2.20898 0.0300000 1.00000 2.49201
75
1 0.759099 0.965464 0.0300000 1.00000 4.21139
2 0.324268 2.42450 0.0300000 1.00000 -1.81844
3 0.287875 0.351592 0.0300000 1.00000 2.52513
4 0.152054 2.46565 0.0300000 1.00000 -4.26560
5 1.01042 1.60554 0.0300000 1.00000 1.44099
6 0.447931 0.407842 0.0300000 1.00000 3.71809
7 0.205562 0.846427 0.0300000 1.00000 2.75046
8 2.93296 2.34798 0.0300000 1.00000 1.16840
9 2.68656 1.74616 0.0300000 1.00000 3.25296
10 2.60846 0.746773 0.0300000 1.00000 -4.13664
11 0.322253 0.454187 0.0300000 1.00000 1.60935
12 1.17404 2.44320 0.0300000 1.00000 3.62233
13 2.40136 2.92181 0.0300000 1.00000 3.17933
14 2.66477 2.75052 0.0300000 1.00000 2.62153
15 1.91830 2.16571 0.0300000 1.00000 2.06635
16 0.0232024 1.23391 0.0300000 1.00000 2.29424
17 1.22614 1.70052 0.0300000 1.00000 2.70733
18 2.02086 0.910209 0.0300000 1.00000 3.13527
19 1.65000 1.39431 0.0300000 1.00000 3.55502
20 2.42911 2.22713 0.0300000 1.00000 2.08429
76
1 0.744690 0.939151 0.0300000 1.00000 3.49966
2 0.316914 2.39541 0.0300000 1.00000 3.10180
3 0.263397 0.368936 0.0300000 1.00000 1.95581
4 0.139091 2.49271 0.0300000 1.00000 2.25879
5 1.01430 1.63528 0.0300000 1.00000 2.17817
6 0.422779 0.391489 0.0300000 1.00000 2.11149
7 0.177827 0.857864 0.0300000 1.00000 1.30336
8 2.94471 2.37559 0.0300000 1.00000 1.33881
9 2.65674 1.74283 0.0300000 1.00000 1.44929
10 2.59213 0.771937 0.0300000 1.00000 3.48873
11 0.321096 0.484164 0.0300000 1.00000 2.76472
12 1.14744 2.42933 0.0300000 1.00000 1.36051
13 2.37138 2.92068 0.0300000 1.00000 3.43262
14 2.63874 2.76543 0.0300000 1.00000 3.78970
15 1.90403 2.19210 0.0300000 1.00000 1.17162
16 0.00334336 1.25640 0.0300000 1.00000 2.63681
17 1.19892 1.71314 0.0300000 1.00000 1.92957
18 1.99086 0.910398 0.0300000 1.00000 3.35954
19 1.62253 1.38226 0.0300000 1.00000 3.54410
20 2.41438 2.25326 0.0300000 1.00000 2.15189
77
1 0.716593 0.928637 0.0300000 1.00000 3.02181
2 0.286938 2.39661 0.0300000 1.00000 1.00680
3 0.252130 0.396740 0.0300000 1.00000 2.63797
4 0.120042 2.51589 0.0300000 1.00000 3.74301
5 0.997177 1.65992 0.0300000 1.00000 2.03140
6 0.407337 0.417209 0.0300000 1.00000 1.24690
7 0.185755 0.886798 0.0300000 1.00000 2.73224
8 2.95161 2.40478 0.0300000 1.00000 0.573097
9 2.66038 1.77261 0.0300000 1.00000 2.30775
10 2.56392 0.761731 0.0300000 1.00000 1.61444
11 0.293202 0.495205 0.0300000 1.00000 1.34366
12 1.15370 2.45867 0.0300000 1.00000 0.931412
13 2.34264 2.91207 0.0300000 1.00000 3.47407
14 2.61482 2.74732 0.0300000 1.00000 3.17007
15 1.91569 2.21974 0.0300000 1.00000 2.66263
16 3.07709 1.27091 0.0300000 1.00000 2.67417
17 1.18839 1.74123 0.0300000 1.00000 3.57052
18 1.96157 0.903911 0.0300000 1.00000 3.67589
19 1.59492 1.37051 0.0300000 1.00000 1.66478
20 2.39791 2.27834 0.0300000 1.00000 3.11741
78
1 0.686808 0.932222 0.0300000 1.00000 2.35484
2 0.302975 2.42196 0.0300000 1.00000 3.01888
3 0.225855 0.411218 0.0300000 1.00000 2.30069
4 0.0953058 2.49891 0.0300000 1.00000 3.05621
5 0.983843 1.68679 0.0300000 1.00000 3.50807
6 0.416885 0.445650 0.0300000 1.00000 3.31497
7 0.158234 0.898739 0.0300000 1.00000 1.93457
8 2.97681 2.42105 0.0300000 1.00000 3.56265
9 2.64022 1.79482 0.0300000 1.00000 3.64161
10 2.56261 0.791702 0.0300000 1.00000 2.07796
11 0.299957 0.524434 0.0300000 1.00000 3.91097
12 1.17160 2.48274 0.0300000 1.00000 1.31320
13 2.31429 2.90228 0.0300000 1.00000 3.08912
14 2.58483 2.74647 0.0300000 1.00000 2.27654
15 1.88907 2.23357 0.0300000 1.00000 2.49788
16 3.05030 1.28442 0.0300000 1.00000 2.56457
17 1.16111 1.72875 0.0300000 1.00000 3.97958
18 1.93575 0.888634 0.0300000 1.00000 3.62648
19 1.59211 1.40037 0.0300000 1.00000 0.992177
20 2.36792 2.27906 0.0300000 1.00000 2.29767
79
1 0.665623 0.953464 0.0300000 1.00000 1.55660
2 0.273200 2.42563 0.0300000 1.00000 2.81727
3 0.205851 0.433576 0.0300000 1.00000 3.78563
4 0.0654151 2.50147 0.0300000 1.00000 3.90652
5 0.955835 1.67604 0.0300000 1.00000 4.34005
6 0.387335 0.440474 0.0300000 1.00000 2.33494
7 0.147560 0.926775 0.0300000 1.00000 3.80520
8 2.94943 2.40879 0.0300000 1.00000 1.94771
9 2.61389 1.78044 0.0300000 1.00000 1.56295
10 2.54804 0.817926 0.0300000 1.00000 3.57879
11 0.278407 0.503563 0.0300000 1.00000 3.15749
12 1.17924 2.51175 0.0300000 1.00000 3.44377
13 2.28433 2.90386 0.0300000 1.00000 1.46805
14 2.56538 2.76930 0.0300000 1.00000 2.90122
15 1.86507 2.25157 0.0300000 1.00000 3.40018
16 3.02516 1.30079 0.0300000 1.00000 3.28298
17 1.14104 1.70645 0.0300000 1.00000 2.27973
18 1.90921 0.874651 0.0300000 1.00000 4.25611
19 1.60852 1.42549 0.0300000 1.00000 1.65605
20 2.34798 2.30148 0.0300000 1.00000 2.19707
80
1 0.666049 0.983461 0.0300000 1.00000 1.97820
2 0.244764 2.43519 0.0300000 1.00000 -4.64437
3 0.181861 0.415563 0.0300000 1.00000 2.36124
4 0.0437721 2.48070 0.0300000 1.00000 -3.45888
5 0.944921 1.64810 0.0300000 1.00000 -2.91369
6 0.366577 0.462133 0.0300000 1.00000 1.64969
7 0.123926 0.908297 0.0300000 1.00000 4.59395
8 2.93839 2.43668 0.0300000 1.00000 0.828813
9 2.61412 1.81044 0.0300000 1.00000 1.46441
10 2.52086 0.805224 0.0300000 1.00000 3.17237
11 0.248411 0.503086 0.0300000 1.00000 2.97394
12 1.15060 2.50283 0.0300000 1.00000 1.93285
13 2.28740 2.93370 0.0300000 1.00000 2.23533
14 2.53624 2.77644 0.0300000 1.00000 3.65603
15 1.83607 2.24390 0.0300000 1.00000 2.24554
16 2.99546 1.29656 0.0300000 1.00000 3.67725
17 1.12151 1.72923 0.0300000 1.00000 4.46420
18 1.89599 0.847720 0.0300000 1.00000 1.56028
19 1.60596 1.45538 0.0300000 1.00000 3.87999
20 2.33040 2.32579 0.0300000 1.00000 1.27616
81
1 0.654162 1.01101 0.0300000 1.00000 1.78317
2 0.242725 2.46512 0.0300000 1.00000 2.68599
3 0.160541 0.436669 0.0300000 1.00000 3.68809
4 0.0152695 2.49005 0.0300000 1.00000 2.54911
5 0.915697 1.64132 0.0300000 1.00000 2.58133
6 0.364213 0.492040 0.0300000 1.00000 2.18752
7 0.120381 0.878507 0.0300000 1.00000 4.02465
8 2.95866 2.45880 0.0300000 1.00000 3.48397
9 2.61731 1.84027 0.0300000 1.00000 2.36649
10 2.49087 0.804301 0.0300000 1.00000 -3.22219
11 0.218831 0.508092 0.0300000 1.00000 3.38206
12 1.13998 2.53088 0.0300000 1.00000 2.40402
13 2.26890 2.95731 0.0300000 1.00000 3.00693
14 2.51012 2.76168 0.0300000 1.00000 3.75717
15 1.81733 2.26733 0.0300000 1.00000 3.16847
16 2.96966 1.28125 0.0300000 1.00000 0.967195
17 1.11414 1.70015 0.0300000 1.00000 1.15234
18 1.89631 0.877718 0.0300000 1.00000 2.42220
19 1.58377 1.43519 0.0300000 1.00000 1.46180
20 2.33911 2.35449 0.0300000 1.00000 3.04726
82
1 0.647839 1.04033 0.0300000 1.00000 3.78967
2 0.215786 2.47832 0.0300000 1.00000 3.07105
3 0.134910 0.421078 0.0300000 1.00000 3.48778
4 3.09038 2.50681 0.0300000 1.00000 2.87807
5 0.890283 1.65726 0.0300000 1.00000 2.53631
6 0.346862 0.516513 0.0300000 1.00000 1.77393
7 0.101338 0.855326 0.0300000 1.00000 1.34468
8 2.93041 2.44872 0.0300000 1.00000 1.77171
9 2.59588 1.86126 0.0300000 1.00000 3.48899
10 2.46097 0.806716 0.0300000 1.00000 1.99734
11 0.189695 0.500948 0.0300000 1.00000 2.38898
12 1.11777 2.55106 0.0300000 1.00000 3.32088
13 2.23918 2.96134 0.0300000 1.00000 2.04017
14 2.48563 2.74436 0.0300000 1.00000 3.08629
15 1.78734 2.26652 0.0300000 1.00000 3.51428
16 2.98669 1.30595 0.0300000 1.00000 1.70028
17 1.12633 1.72756 0.0300000 1.00000 3.14144
18 1.87374 0.897486 0.0300000 1.00000 3.76672
19 1.58704 1.46501 0.0300000 1.00000 2.73404
20 2.30924 2.35732 0.0300000 1.00000 2.38352
83
1 0.623922 1.02222 0.0300000 1.00000 2.11555
2 0.185860 2.48044 0.0300000 1.00000 -2.56382
3 0.106690 0.410898 0.0300000 1.00000 2.52192
4 3.06142 2.51462 0.0300000 1.00000 1.20491
5 0.865613 1.67433 0.0300000 1.00000 4.35058
6 0.340810 0.545897 0.0300000 1.00000 2.65800
7 0.108064 0.884562 0.0300000 1.00000 2.40453
8 2.92442 2.47812 0.0300000 1.00000 3.54156
9 2.56767 1.85105 0.0300000 1.00000 3.76199
10 2.44856 0.834028 0.0300000 1.00000 2.30436
11 0.167797 0.521454 0.0300000 1.00000 1.73831
12 1.08826 2.54571 0.0300000 1.00000 3.29103
13 2.22561 2.98810 0.0300000 1.00000 3.94709
14 2.45567 2.74602 0.0300000 1.00000 1.19987
15 1.75940 2.25560 0.0300000 1.00000 2.54372
16 2.98282 1.33570 0.0300000 1.00000 1.85793
17 1.09633 1.72756 0.0300000 1.00000 2.11513
18 1.84942 0.879930 0.0300000 1.00000 2.22264
19 1.55949 1.47690 0.0300000 1.00000 2.00734
20 2.28746 2.37795 0.0300000 1.00000 2.41264
84
1 0.608375 1.04788 0.0300000 1.00000 2.30755
2 0.160730 2.46405 0.0300000 1.00000 3.17042
3 0.0822679 0.428321 0.0300000 1.00000 3.79855
4 3.07215 2.54264 0.0300000 1.00000 3.17098
5 0.854994 1.64627 0.0300000 1.00000 1.74840
6 0.314250 0.559845 0.0300000 1.00000 3.43811
7 0.0858503 0.904726 0.0300000 1.00000 1.50025
8 2.89679 2.46644 0.0300000 1.00000 4.01930
9 2.54326 1.83361 0.0300000 1.00000 2.64322
10 2.42847 0.856312 0.0300000 1.00000 3.24326
11 0.162795 0.551034 0.0300000 1.00000 3.48752
12 1.05859 2.54124 0.0300000 1.00000 3.50089
13 2.20482 2.96646 0.0300000 1.00000 2.37699
14 2.46655 2.77397 0.0300000 1.00000 2.36025
15 1.73460 2.27248 0.0300000 1.00000 2.72040
16 2.97432 1.36447 0.0300000 1.00000 2.90320
17 1.08079 1.75323 0.0300000 1.00000 3.88775
18 1.83122 0.903780 0.0300000 1.00000 3.42927
19 1.54681 1.50409 0.0300000 1.00000 1.48367
20 2.26508 2.39793 0.0300000 1.00000 1.12394
85
1 0.588219 1.07010 0.0300000 1.00000 2.65726
2 0.130742 2.46319 0.0300000 1.00000 2.76638
3 0.0585122 0.410000 0.0300000 1.00000 1.35019
4 3.04216 2.54175 0.0300000 1.00000 2.95003
5 0.849694 1.67580 0.0300000 1.00000 4.50282
6 0.285559 0.551080 0.0300000 1.00000 2.68428
7 0.0879648 0.934651 0.0300000 1.00000 2.32819
8 2.87762 2.44336 0.0300000 1.00000 1.64690
9 2.51691 1.84795 0.0300000 1.00000 2.50267
10 2.39863 0.853268 0.0300000 1.00000 3.08008
11 0.134573 0.540862 0.0300000 1.00000 3.76769
12 1.03051 2.53069 0.0300000 1.00000 2.47362
13 2.18317 2.98723 0.0300000 1.00000 2.82383
14 2.44525 2.79510 0.0300000 1.00000 2.50101
15 1.70723 2.28475 0.0300000 1.00000 2.00537
16 2.94517 1.37155 0.0300000 1.00000 2.77185
17 1.05876 1.73286 0.0300000 1.00000 1.93726
18 1.80245 0.895268 0.0300000 1.00000 3.61322
19 1.54942 1.53397 0.0300000 1.00000 3.59802
20 2.27805 2.42498 0.0300000 1.00000 2.47739
86
1 0.561669 1.08407 0.0300000 1.00000 1.27549
2 0.102829 2.47418 0.0300000 1.00000 3.33875
3 0.0650769 0.439273 0.0300000 1.00000 3.98259
4 3.01271 2.54747 0.0300000 1.00000 3.12377
5 0.843453 1.64646 0.0300000 1.00000 2.96363
6 0.258642 0.564326 0.0300000 1.00000 3.81878
7 0.0673538 0.956450 0.0300000 1.00000 4.16016
8 2.87534 2.47327 0.0300000 1.00000 2.12355
9 2.49283 1.86584 0.0300000 1.00000 2.69035
10 2.36868 0.855112 0.0300000 1.00000 3.78698
11 0.110263 0.523282 0.0300000 1.00000 3.12706
12 1.00695 2.54927 0.0300000 1.00000 2.67089
13 2.15467 2.99660 0.0300000 1.00000 3.88470
14 2.42120 2.81303 0.0300000 1.00000 3.45224
15 1.69460 2.31196 0.0300000 1.00000 1.20559
16 2.91720 1.38240 0.0300000 1.00000 2.75508
17 1.04802 1.76087 0.0300000 1.00000 1.28876
18 1.77573 0.881638 0.0300000 1.00000 2.54404
19 1.52249 1.52075 0.0300000 1.00000 1.60622
20 2.25442 2.44348 0.0300000 1.00000 1.02288
87
1 0.570400 1.11277 0.0300000 1.00000 3.52764
2 0.0734104 2.46830 0.0300000 1.00000 0.885644
3 0.0450753 0.416914 0.0300000 1.00000 3.30212
4 2.98272 2.54800 0.0300000 1.00000 2.85721
5 0.813926 1.65177 0.0300000 1.00000 3.21347
6 0.235261 0.545528 0.0300000 1.00000 2.07023
7 0.0516163 0.930909 0.0300000 1.00000 3.35708
8 2.85959 2.49881 0.0300000 1.00000 0.779587
9 2.46583 1.87892 0.0300000 1.00000 2.38602
10 2.34472 0.837066 0.0300000 1.00000 3.71130
11 0.0802660 0.523718 0.0300000 1.00000 1.43202
12 0.980216 2.56288 0.0300000 1.00000 2.21899
13 2.13258 2.97631 0.0300000 1.00000 2.33437
14 2.39263 2.80386 0.0300000 1.00000 3.14418
15 1.70531 2.33998 0.0300000 1.00000 1.88125
16 2.88941 1.39371 0.0300000 1.00000 2.16556
17 1.05636 1.78968 0.0300000 1.00000 2.50393
18 1.75092 0.898516 0.0300000 1.00000 3.60368
19 1.52143 1.55073 0.0300000 1.00000 2.34226
20 2.27005 2.46908 0.0300000 1.00000 2.08344
88
1 0.542608 1.10147 0.0300000 1.00000 1.87320
2 0.0923941 2.49153 0.0300000 1.00000 2.74584
3 0.0154611 0.412118 0.0300000 1.00000 3.66676
4 2.95392 2.55642 0.0300000 1.00000 0.923535
5 0.784004 1.64962 0.0300000 1.00000 3.06481
6 0.220894 0.571863 0.0300000 1.00000 3.31896
7 0.0223102 0.924495 0.0300000 1.00000 2.13173
8 2.88092 2.51990 0.0300000 1.00000 1.73587
9 2.44400 1.89949 0.0300000 1.00000 1.77464
10 2.31946 0.820885 0.0300000 1.00000 3.82202
11 0.0844159 0.553430 0.0300000 1.00000 3.82113
12 0.962103 2.58679 0.0300000 1.00000 2.51969
13 2.11184 2.99798 0.0300000 1.00000 2.67197
14 2.36263 2.80378 0.0300000 1.00000 0.771326
15 1.69615 2.36855 0.0300000 1.00000 1.01752
16 2.87260 1.41855 0.0300000 1.00000 1.08604
17 1.03226 1.80754 0.0300000 1.00000 2.73673
18 1.72407 0.885142 0.0300000 1.00000 4.10676
19 1.50051 1.57224 0.0300000 1.00000 2.15945
20 2.25534 2.49523 0.0300000 1.00000 1.21954
89
1 0.533674 1.13011 0.0300000 1.00000 2.93173
2 0.0647129 2.50310 0.0300000 1.00000 2.69737
3 3.08950 0.397078 0.0300000 1.00000 2.09404
4 2.97201 2.58035 0.0300000 1.00000 2.18596
5 0.754092 1.65192 0.0300000 1.00000 2.57350
6 0.191364 0.566570 0.0300000 1.00000 3.10547
7 0.00635099 0.949897 0.0300000 1.00000 4.12058
8 2.87599 2.54949 0.0300000 1.00000 1.10984
9 2.43792 1.92887 0.0300000 1.00000 1.24408
10 2.29614 0.802011 0.0300000 1.00000 2.59441
11 0.0610800 0.534577 0.0300000 1.00000 2.08273
12 0.937720 2.60427 0.0300000 1.00000 1.84777
13 2.08509 3.01155 0.0300000 1.00000 1.67830
14 2.38414 2.82470 0.0300000 1.00000 1.62708
15 1.71191 2.39407 0.0300000 1.00000 0.442693
16 2.88658 1.44510 0.0300000 1.00000 0.591043
17 1.00469 1.81936 0.0300000 1.00000 4.14981
18 1.70699 0.860477 0.0300000 1.00000 3.12732
19 1.48386 1.59719 0.0300000 1.00000 1.49300
20 2.26566 2.52340 0.0300000 1.00000 2.07201
90
1 0.504332 1.13636 0.0300000 1.00000 1.45357
2 0.0376246 2.51599 0.0300000 1.00000 1.00462
3 3.07451 0.423064 0.0300000 1.00000 2.73267
4 2.95470 2.60485 0.0300000 1.00000 1.38788
5 0.728805 1.66806 0.0300000 1.00000 4.15621
6 0.161384 0.567654 0.0300000 1.00000 1.95471
7 3.08961 0.925000 0.0300000 1.00000 1.70752
8 2.88934 2.57636 0.0300000 1.00000 2.22267
9 2.44755 1.95728 0.0300000 1.00000 1.19207
10 2.27052 0.817620 0.0300000 1.00000 2.25548
11 0.0463840 0.560731 0.0300000 1.00000 3.38179
12 0.929517 2.63313 0.0300000 1.00000 3.19853
13 2.08187 3.04138 0.0300000 1.00000 2.00448
14 2.38245 2.85465 0.0300000 1.00000 2.45028
15 1.73902 2.40692 0.0300000 1.00000 2.75484
16 2.91149 1.46181 0.0300000 1.00000 1.14095
17 0.988684 1.79398 0.0300000 1.00000 2.96253
18 1.67699 0.860906 0.0300000 1.00000 1.04552
19 1.48619 1.62710 0.0300000 1.00000 1.40357
20 2.25124 2.54971 0.0300000 1.00000 0.893683
91
1 0.507841 1.16616 0.0300000 1.00000 3.33748
2 0.0537168 2.54131 0.0300000 1.00000 0.924586
3 3.04699 0.434992 0.0300000 1.00000 2.20264
4 2.96016 2.63435 0.0300000 1.00000 0.980371
5 0.712966 1.64258 0.0300000 1.00000 3.09362
6 0.150147 0.595470 0.0300000 1.00000 1.41644
7 3.08553 0.954720 0.0300000 1.00000 1.30051
8 2.87114 2.60021 0.0300000 1.00000 1.28850
9 2.45864 1.98516 0.0300000 1.00000 1.51308
10 2.25154 0.840858 0.0300000 1.00000 2.89808
11 0.0172452 0.553594 0.0300000 1.00000 0.686302
12 0.899565 2.63142 0.0300000 1.00000 1.06182
13 2.06926 3.06860 0.0300000 1.00000 1.45276
14 2.35934 2.87378 0.0300000 1.00000 1.81016
15 1.71123 2.41824 0.0300000 1.00000 2.07377
16 2.92399 1.48909 0.0300000 1.00000 0.823381
17 0.959164 1.79933 0.0300000 1.00000 2.80484
18 1.69204 0.886861 0.0300000 1.00000 3.26744
19 1.49118 1.65668 0.0300000 1.00000 1.86493
20 2.27004 2.57309 0.0300000 1.00000 1.18735
92
1 0.478415 1.16032 0.0300000 1.00000 2.07427
2 0.0717818 2.56526 0.0300000 1.00000 1.80976
3 3.02927 0.459200 0.0300000 1.00000 3.17234
4 2.97686 2.65927 0.0300000 1.00000 1.45896
5 0.683001 1.64402 0.0300000 1.00000 3.05472
6 0.154759 0.625113 0.0300000 1.00000 2.85920
7 3.09354 0.983630 0.0300000 1.00000 2.55253
8 2.87949 2.62902 0.0300000 1.00000 0.704783
9 2.46037 2.01511 0.0300000 1.00000 3.08415
10 2.22243 0.848091 0.0300000 1.00000 1.40369
11 0.0404531 0.572604 0.0300000 1.00000 3.48043
12 0.914184 2.65762 0.0300000 1.00000 0.740152
13 2.07279 3.09839 0.0300000 1.00000 2.16539
14 2.35223 2.90292 0.0300000 1.00000 0.724984
15 1.69677 2.44452 0.0300000 1.00000 1.00106
16 2.94438 1.51109 0.0300000 1.00000 2.07054
17 0.930849 1.80924 0.0300000 1.00000 2.94365
18 1.66228 0.883095 0.0300000 1.00000 2.34570
19 1.48248 1.68539 0.0300000 1.00000 1.33919
20 2.28126 2.60091 0.0300000 1.00000 2.43174
93
1 0.463940 1.18659 0.0300000 1.00000 2.22461
2 0.0646809 2.59441 0.0300000 1.00000 2.02093
3 2.99928 0.458278 0.0300000 1.00000 2.34886
4 2.98021 2.68908 0.0300000 1.00000 1.59136
5 0.653114 1.64662 0.0300000 1.00000 2.96692
6 0.125948 0.633473 0.0300000 1.00000 3.78293
7 3.06859 1.00030 0.0300000 1.00000 1.58422
8 2.90235 2.64845 0.0300000 1.00000 3.04544
9 2.43042 2.01683 0.0300000 1.00000 2.44424
10 2.22742 0.877674 0.0300000 1.00000 3.80694
11 0.0121589 0.562633 0.0300000 1.00000 3.03888
12 0.936335 2.67785 0.0300000 1.00000 2.67066
13 2.05599 0.0232449 0.0300000 1.00000 0.463350
14 2.37468 2.92281 0.0300000 1.00000 0.727241
15 1.71296 2.46978 0.0300000 1.00000 1.21387
16 2.93001 1.53742 0.0300000 1.00000 2.14539
17 0.901435 1.81514 0.0300000 1.00000 2.18322
18 1.64129 0.904530 0.0300000 1.00000 3.07480
19 1.48937 1.71459 0.0300000 1.00000 3.41134
20 2.25851 2.62046 0.0300000 1.00000 1.46774
94
1 0.445694 1.21041 0.0300000 1.00000 2.69134
2 0.0516283 2.62142 0.0300000 1.00000 1.68357
3 2.97822 0.479646 0.0300000 1.00000 2.58327
4 2.97959 2.71908 0.0300000 1.00000 2.10121
5 0.623570 1.65183 0.0300000 1.00000 2.37193
6 0.101909 0.615525 0.0300000 1.00000 2.47918
7 3.06819 1.03030 0.0300000 1.00000 2.69431
8 2.87248 2.65133 0.0300000 1.00000 3.13238
9 2.40743 2.03609 0.0300000 1.00000 3.49531
10 2.20382 0.859154 0.0300000 1.00000 3.02961
11 3.08232 0.565709 0.0300000 1.00000 1.87764
12 0.909601 2.69146 0.0300000 1.00000 2.84479
13 2.08283 0.0366533 0.0300000 1.00000 1.22238
14 2.39710 2.94276 0.0300000 1.00000 1.69797
15 1.72344 2.49789 0.0300000 1.00000 3.57577
16 2.91370 1.56260 0.0300000 1.00000 2.59078
17 0.884189 1.83969 0.0300000 1.00000 3.97599
18 1.61135 0.906533 0.0300000 1.00000 2.21241
19 1.46046 1.70660 0.0300000 1.00000 2.86242
20 2.26160 2.65030 0.0300000 1.00000 3.26358
95
1 0.418684 1.22346 0.0300000 1.00000 3.02554
2 0.0482524 2.65123 0.0300000 1.00000 1.89165
3 2.95278 0.495539 0.0300000 1.00000 1.55876
4 2.96441 2.74496 0.0300000 1.00000 1.40442
5 0.602026 1.67271 0.0300000 1.00000 1.89524
6 0.0782535 0.633976 0.0300000 1.00000 4.07593
7 3.04114 1.04327 0.0300000 1.00000 2.57291
8 2.84249 2.65161 0.0300000 1.00000 4.43511
9 2.37928 2.02570 0.0300000 1.00000 1.97220
10 2.17401 0.862506 0.0300000 1.00000 1.27159
11 3.07326 0.594307 0.0300000 1.00000 3.54826
12 0.880912 2.70024 0.0300000 1.00000 3.02882
13 2.09307 0.0648507 0.0300000 1.00000 3.32569
14 2.39329 2.97252 0.0300000 1.00000 2.76393
15 1.69622 2.48527 0.0300000 1.00000 3.18577
16 2.88814 1.57830 0.0300000 1.00000 2.96292
17 0.864041 1.81746 0.0300000 1.00000 4.05666
18 1.59340 0.930567 0.0300000 1.00000 3.42202
19 1.43162 1.71486 0.0300000 1.00000 4.14536
20 2.23182 2.64665 0.0300000 1.00000 3.35738
96
1 0.388886 1.22694 0.0300000 1.00000 -1.66955
2 0.0387912 2.67970 0.0300000 1.00000 2.19201
3 2.95314 0.525537 0.0300000 1.00000 1.57836
4 2.96938 2.77454 0.0300000 1.00000 3.80976
5 0.592463 1.70115 0.0300000 1.00000 -3.91794
6 0.0604231 0.609849 0.0300000 1.00000 -2.24296
7 3.01586 1.05943 0.0300000 1.00000 3.23917
8 2.83427 2.62276 0.0300000 1.00000 2.90043
9 2.36756 2.05332 0.0300000 1.00000 1.45287
10 2.18285 0.891173 0.0300000 1.00000 2.71010
11 3.04570 0.582441 0.0300000 1.00000 1.90697
12 0.851103 2.70361 0.0300000 1.00000 1.88484
13 2.06357 0.0593590 0.0300000 1.00000 2.38179
14 2.36540 2.98358 0.0300000 1.00000 1.75275
15 1.66625 2.48395 0.0300000 1.00000 2.48910
16 2.85862 1.58363 0.0300000 1.00000 3.77733
17 0.845748 1.79368 0.0300000 1.00000 -3.04011
18 1.56457 0.922263 0.0300000 1.00000 1.48671
19 1.41550 1.68956 0.0300000 1.00000 3.14062
20 2.20251 2.64023 0.0300000 1.00000 4.02656
97
1 0.385928 1.19708 0.0300000 1.00000 2.21219
2 0.0213305 2.70409 0.0300000 1.00000 3.09211
3 2.95291 0.555536 0.0300000 1.00000 2.19195
4 2.94583 2.75595 0.0300000 1.00000 1.66716
5 0.571058 1.72217 0.0300000 1.00000 3.52511
6 0.0417427 0.586375 0.0300000 1.00000 2.94943
7 2.98601 1.05650 0.0300000 1.00000 2.46937
8 2.80514 2.62992 0.0300000 1.00000 2.73311
9 2.37109 2.08311 0.0300000 1.00000 1.44444
10 2.15560 0.903720 0.0300000 1.00000 2.05052
11 3.03581 0.610762 0.0300000 1.00000 1.62952
12 0.841836 2.73215 0.0300000 1.00000 1.56325
13 2.04183 0.0800223 0.0300000 1.00000 1.51631
14 2.35998 3.01308 0.0300000 1.00000 1.68604
15 1.64241 2.50216 0.0300000 1.00000 1.50452
16 2.83448 1.56582 0.0300000 1.00000 3.67814
17 0.815903 1.79064 0.0300000 1.00000 3.67462
18 1.56709 0.952157 0.0300000 1.00000 2.90560
19 1.38550 1.68959 0.0300000 1.00000 4.05430
20 2.18352 2.61701 0.0300000 1.00000 3.29645
98
1 0.367978 1.22112 0.0300000 1.00000 2.08892
2 3.09137 2.70558 0.0300000 1.00000 3.64215
3 2.93546 0.579933 0.0300000 1.00000 2.85651
4 2.94295 2.78582 0.0300000 1.00000 3.57592
5 0.543238 1.71094 0.0300000 1.00000 2.15154
6 0.0122949 0.592105 0.0300000 1.00000 1.74356
7 2.96253 1.07519 0.0300000 1.00000 3.59157
8 2.77761 2.64184 0.0300000 1.00000 1.79276
9 2.37487 2.11287 0.0300000 1.00000 1.25546
10 2.14175 0.930334 0.0300000 1.00000 3.54963
11 3.03405 0.640710 0.0300000 1.00000 1.57825
12 0.842062 2.76214 0.0300000 1.00000 4.10497
13 2.04346 0.109978 0.0300000 1.00000 1.74654
14 2.35653 3.04288 0.0300000 1.00000 3.27486
15 1.64440 2.53210 0.0300000 1.00000 1.51470
16 2.80870 1.55049 0.0300000 1.00000 2.43712
17 0.790065 1.77540 0.0300000 1.00000 2.08046
18 1.53792 0.959172 0.0300000 1.00000 2.22628
19 1.36715 1.66585 0.0300000 1.00000 2.41025
20 2.15387 2.61238 0.0300000 1.00000 2.20883
99
1 0.353121 1.24718 0.0300000 1.00000 2.39549
2 3.06505 2.69118 0.0300000 1.00000 2.82541
3 2.90667 0.588370 0.0300000 1.00000 3.20516
4 2.91573 2.77319 0.0300000 1.00000 2.67651
5 0.526778 1.73602 0.0300000 1.00000 0.779187
6 0.00713770 0.621658 0.0300000 1.00000 3.39346
7 2.93552 1.06214 0.0300000 1.00000 2.36977
8 2.77101 2.67110 0.0300000 1.00000 2.76885
9 2.38418 2.14139 0.0300000 1.00000 2.93651
10 2.11422 0.918430 0.0300000 1.00000 2.06805
11 3.03382 0.670709 0.0300000 1.00000 3.27101
12 0.824939 2.73751 0.0300000 1.00000 1.79090
13 2.03821 0.139516 0.0300000 1.00000 2.67031
14 2.32679 3.03890 0.0300000 1.00000 3.86121
15 1.64608 2.56205 0.0300000 1.00000 2.28239
16 2.78584 1.56992 0.0300000 1.00000 1.33182
17 0.775428 1.80159 0.0300000 1.00000 1.81497
18 1.51964 0.982954 0.0300000 1.00000 2.49396
19 1.34483 1.68589 0.0300000 1.00000 1.43578
20 2.13601 2.63648 0.0300000 1.00000 3.31885
