0
1 1.39744 1.18864 0.0300000 1.00000 2.23204
2 2.20597 1.81879 0.0300000 1.00000 2.02277
3 2.19260 1.84074 0.0300000 1.00000 2.02277
4 2.74180 1.56874 0.0300000 1.00000 2.02277
5 2.07461 1.87043 0.0300000 1.00000 2.02277
6 0.612984 1.51077 0.0300000 1.00000 2.71230
7 0.743761 0.838791 0.0300000 1.00000 2.71230
8 1.49620 1.53011 0.0300000 1.00000 2.23204
9 2.75031 2.34707 0.0300000 1.00000 2.02277
10 2.03534 1.43560 0.0300000 1.00000 2.23204
1
1 1.37902 1.21232 0.0300000 1.00000 2.22017
2 2.19287 1.84578 0.0300000 1.00000 2.10116
3 2.17950 1.86772 0.0300000 1.00000 2.10116
4 2.72870 1.59573 0.0300000 1.00000 2.10116
5 2.06151 1.89741 0.0300000 1.00000 2.10116
6 0.585706 1.52325 0.0300000 1.00000 2.42324
7 0.716483 0.851278 0.0300000 1.00000 2.42324
8 1.47777 1.55379 0.0300000 1.00000 2.22017
9 2.73721 2.37405 0.0300000 1.00000 2.10116
10 2.01692 1.45928 0.0300000 1.00000 2.22017
2
1 1.36088 1.23621 0.0300000 1.00000 2.20100
2 2.17770 1.87166 0.0300000 1.00000 2.14577
3 2.16433 1.89360 0.0300000 1.00000 2.14577
4 2.71352 1.62161 0.0300000 1.00000 2.14577
5 2.04633 1.92329 0.0300000 1.00000 2.20100
6 0.563120 1.54300 0.0300000 1.00000 2.26796
7 0.693897 0.871022 0.0300000 1.00000 2.26796
8 1.45963 1.57768 0.0300000 1.00000 2.20100
9 2.72203 2.39993 0.0300000 1.00000 2.14577
10 1.99878 1.48317 0.0300000 1.00000 2.20100
3
1 1.34320 1.26045 0.0300000 1.00000 2.19229
2 2.16138 1.89684 0.0300000 1.00000 2.17338
3 2.14801 1.91878 0.0300000 1.00000 2.17338
4 2.69721 1.64678 0.0300000 1.00000 2.17338
5 2.02865 1.94753 0.0300000 1.00000 2.19229
6 0.543858 1.56600 0.0300000 1.00000 2.22331
7 0.674635 0.894022 0.0300000 1.00000 2.22331
8 1.44195 1.60192 0.0300000 1.00000 2.19229
9 2.70572 2.42511 0.0300000 1.00000 2.17338
10 1.98110 1.50741 0.0300000 1.00000 2.19229
4
1 1.32573 1.28484 0.0300000 1.00000 2.19093
2 2.14438 1.92155 0.0300000 1.00000 2.18284
3 2.13101 1.94350 0.0300000 1.00000 2.18284
4 2.68020 1.67150 0.0300000 1.00000 2.18284
5 2.01118 1.97192 0.0300000 1.00000 2.19093
6 0.525643 1.58984 0.0300000 1.00000 2.20263
7 0.656420 0.917859 0.0300000 1.00000 2.20263
8 1.42448 1.62631 0.0300000 1.00000 2.19093
9 2.68871 2.44983 0.0300000 1.00000 2.18284
10 1.96363 1.53180 0.0300000 1.00000 2.19093
5
1 1.30830 1.30925 0.0300000 1.00000 2.19003
2 2.12714 1.94611 0.0300000 1.00000 2.18688
3 2.11377 1.96805 0.0300000 1.00000 2.18688
4 2.66297 1.69605 0.0300000 1.00000 2.18688
5 1.99375 1.99633 0.0300000 1.00000 2.19003
6 0.507924 1.61404 0.0300000 1.00000 2.19483
7 0.638701 0.942067 0.0300000 1.00000 2.19483
8 1.40705 1.65072 0.0300000 1.00000 2.19003
9 2.67148 2.47438 0.0300000 1.00000 2.18688
10 1.94620 1.55621 0.0300000 1.00000 2.19003
6
1 1.29089 1.33368 0.0300000 1.00000 2.18973
2 2.10981 1.97059 0.0300000 1.00000 2.18846
3 2.09644 1.99253 0.0300000 1.00000 2.18846
4 2.64563 1.72054 0.0300000 1.00000 2.18846
5 1.97634 2.02076 0.0300000 1.00000 2.18973
6 0.490395 1.63839 0.0300000 1.00000 2.19163
7 0.621172 0.966413 0.0300000 1.00000 2.19163
8 1.38964 1.67515 0.0300000 1.00000 2.18973
9 2.65414 2.49886 0.0300000 1.00000 2.18846
10 1.92878 1.58064 0.0300000 1.00000 2.18973
7
1 1.27348 1.35812 0.0300000 1.00000 2.18960
2 2.09243 1.99505 0.0300000 1.00000 2.18910
3 2.07906 2.01699 0.0300000 1.00000 2.18910
4 2.62826 1.74499 0.0300000 1.00000 2.18910
5 1.95893 2.04520 0.0300000 1.00000 2.18960
6 0.472943 1.66279 0.0300000 1.00000 2.19037
7 0.603720 0.990815 0.0300000 1.00000 2.19037
8 1.37223 1.69959 0.0300000 1.00000 2.18960
9 2.63677 2.52332 0.0300000 1.00000 2.18910
10 1.91138 1.60508 0.0300000 1.00000 2.18960
8
1 1.25608 1.38256 0.0300000 1.00000 2.18955
2 2.07504 2.01950 0.0300000 1.00000 2.18935
3 2.06167 2.04144 0.0300000 1.00000 2.18935
4 2.61087 1.76944 0.0300000 1.00000 2.18935
5 1.94153 2.06964 0.0300000 1.00000 2.18955
6 0.455523 1.68722 0.0300000 1.00000 2.18986
7 0.586300 1.01524 0.0300000 1.00000 2.18986
8 1.35483 1.72403 0.0300000 1.00000 2.18955
9 2.61938 2.54777 0.0300000 1.00000 2.18935
10 1.89398 1.62951 0.0300000 1.00000 2.18955
9
1 1.23868 1.40699 0.0300000 1.00000 2.18953
2 2.05765 2.04394 0.0300000 1.00000 2.18945
3 2.04428 2.06588 0.0300000 1.00000 2.18953
4 2.59347 1.79388 0.0300000 1.00000 2.18945
5 1.92413 2.09407 0.0300000 1.00000 2.18950
6 0.438114 1.71165 0.0300000 1.00000 2.18961
7 0.568892 1.03967 0.0300000 1.00000 2.18962
8 1.33743 1.74846 0.0300000 1.00000 2.18953
9 2.60198 2.57221 0.0300000 1.00000 2.18945
10 1.87658 1.65395 0.0300000 1.00000 2.18953
10
1 1.22128 1.43143 0.0300000 1.00000 2.18952
2 2.04025 2.06838 0.0300000 1.00000 2.18952
3 2.02688 2.09032 0.0300000 1.00000 2.18952
4 2.57607 1.81832 0.0300000 1.00000 2.18950
5 1.90673 2.11851 0.0300000 1.00000 2.18952
6 0.420712 1.73609 0.0300000 1.00000 2.18954
7 0.551489 1.06411 0.0300000 1.00000 2.18954
8 1.32003 1.77290 0.0300000 1.00000 2.18952
9 2.58459 2.59665 0.0300000 1.00000 2.18950
10 1.85918 1.67839 0.0300000 1.00000 2.18952
11
1 1.20388 1.45587 0.0300000 1.00000 2.18952
2 2.02285 2.09281 0.0300000 1.00000 2.18952
3 2.00948 2.11476 0.0300000 1.00000 2.18952
4 2.55868 1.84276 0.0300000 1.00000 2.18951
5 1.88933 2.14295 0.0300000 1.00000 2.18952
6 0.403312 1.76052 0.0300000 1.00000 2.18952
7 0.534089 1.08855 0.0300000 1.00000 2.18952
8 1.30263 1.79734 0.0300000 1.00000 2.18952
9 2.56719 2.62109 0.0300000 1.00000 2.18951
10 1.84178 1.70283 0.0300000 1.00000 2.18952
12
1 1.18648 1.48031 0.0300000 1.00000 2.18952
2 2.00545 2.11725 0.0300000 1.00000 2.18952
3 1.99208 2.13919 0.0300000 1.00000 2.18952
4 2.54128 1.86720 0.0300000 1.00000 2.18952
5 1.87193 2.16739 0.0300000 1.00000 2.18952
6 0.385912 1.78496 0.0300000 1.00000 2.18952
7 0.516689 1.11299 0.0300000 1.00000 2.18952
8 1.28523 1.82178 0.0300000 1.00000 2.18952
9 2.54979 2.64553 0.0300000 1.00000 2.18952
10 1.82438 1.72727 0.0300000 1.00000 2.18952
13
1 1.16908 1.50475 0.0300000 1.00000 2.18952
2 1.98805 2.14169 0.0300000 1.00000 2.18952
3 1.97468 2.16363 0.0300000 1.00000 2.18952
4 2.52388 1.89164 0.0300000 1.00000 2.18952
5 1.85453 2.19183 0.0300000 1.00000 2.18952
6 0.368512 1.80940 0.0300000 1.00000 2.18952
7 0.499289 1.13742 0.0300000 1.00000 2.18952
8 1.26783 1.84622 0.0300000 1.00000 2.18952
9 2.53239 2.66996 0.0300000 1.00000 2.18952
10 1.80698 1.75171 0.0300000 1.00000 2.18952
14
1 1.15168 1.52919 0.0300000 1.00000 2.18952
2 1.97065 2.16613 0.0300000 1.00000 2.18952
3 1.95728 2.18807 0.0300000 1.00000 2.18952
4 2.50648 1.91608 0.0300000 1.00000 2.18952
5 1.83713 2.21627 0.0300000 1.00000 2.18952
6 0.351112 1.83384 0.0300000 1.00000 2.18952
7 0.481889 1.16186 0.0300000 1.00000 2.18952
8 1.25043 1.87066 0.0300000 1.00000 2.18952
9 2.51499 2.69440 0.0300000 1.00000 2.18952
10 1.78958 1.77614 0.0300000 1.00000 2.18952
15
1 1.13428 1.55363 0.0300000 1.00000 2.18952
2 1.95325 2.19057 0.0300000 1.00000 2.18952
3 1.93988 2.21251 0.0300000 1.00000 2.18952
4 2.48908 1.94052 0.0300000 1.00000 2.18952
5 1.81973 2.24071 0.0300000 1.00000 2.18952
6 0.333712 1.85828 0.0300000 1.00000 2.18952
7 0.464489 1.18630 0.0300000 1.00000 2.18952
8 1.23303 1.89509 0.0300000 1.00000 2.18952
9 2.49759 2.71884 0.0300000 1.00000 2.18952
10 1.77218 1.80058 0.0300000 1.00000 2.18952
16
1 1.11688 1.57806 0.0300000 1.00000 2.18952
2 1.93585 2.21501 0.0300000 1.00000 2.18952
3 1.92248 2.23695 0.0300000 1.00000 2.18952
4 2.47168 1.96495 0.0300000 1.00000 2.18952
5 1.80233 2.26514 0.0300000 1.00000 2.18952
6 0.316313 1.88272 0.0300000 1.00000 2.18952
7 0.447089 1.21074 0.0300000 1.00000 2.18952
8 1.21563 1.91953 0.0300000 1.00000 2.18952
9 2.48019 2.74328 0.0300000 1.00000 2.18952
10 1.75478 1.82502 0.0300000 1.00000 2.18952
17
1 1.09948 1.60250 0.0300000 1.00000 2.18952
2 1.91845 2.23945 0.0300000 1.00000 2.18952
3 1.90508 2.26139 0.0300000 1.00000 2.18952
4 2.45428 1.98939 0.0300000 1.00000 2.18952
5 1.78493 2.28958 0.0300000 1.00000 2.18952
6 0.298913 1.90715 0.0300000 1.00000 2.18952
7 0.429690 1.23518 0.0300000 1.00000 2.18952
8 1.19823 1.94397 0.0300000 1.00000 2.18952
9 2.46279 2.76772 0.0300000 1.00000 2.18952
10 1.73738 1.84946 0.0300000 1.00000 2.18952
18
1 1.08208 1.62694 0.0300000 1.00000 2.18952
2 1.90105 2.26389 0.0300000 1.00000 2.18952
3 1.88768 2.28583 0.0300000 1.00000 2.18952
4 2.43688 2.01383 0.0300000 1.00000 2.18952
5 1.76753 2.31402 0.0300000 1.00000 2.18952
6 0.281513 1.93159 0.0300000 1.00000 2.18952
7 0.412290 1.25962 0.0300000 1.00000 2.18952
8 1.18083 1.96841 0.0300000 1.00000 2.18952
9 2.44539 2.79216 0.0300000 1.00000 2.18952
10 1.71998 1.87390 0.0300000 1.00000 2.18952
19
1 1.06468 1.65138 0.0300000 1.00000 2.18952
2 1.88365 2.28832 0.0300000 1.00000 2.18952
3 1.87028 2.31026 0.0300000 1.00000 2.18952
4 2.41948 2.03827 0.0300000 1.00000 2.18952
5 1.75013 2.33846 0.0300000 1.00000 2.18952
6 0.264113 1.95603 0.0300000 1.00000 2.18952
7 0.394890 1.28406 0.0300000 1.00000 2.18952
8 1.16343 1.99285 0.0300000 1.00000 2.18952
9 2.42799 2.81660 0.0300000 1.00000 2.18952
10 1.70258 1.89834 0.0300000 1.00000 2.18952
20
1 1.04728 1.67582 0.0300000 1.00000 2.18952
2 1.86625 2.31276 0.0300000 1.00000 2.18952
3 1.85288 2.33470 0.0300000 1.00000 2.18952
4 2.40208 2.06271 0.0300000 1.00000 2.18952
5 1.73273 2.36290 0.0300000 1.00000 2.18952
6 0.246713 1.98047 0.0300000 1.00000 2.18952
7 0.377490 1.30849 0.0300000 1.00000 2.18952
8 1.14603 2.01729 0.0300000 1.00000 2.18952
9 2.41059 2.84103 0.0300000 1.00000 2.18952
10 1.68518 1.92278 0.0300000 1.00000 2.18952
21
1 1.02988 1.70026 0.0300000 1.00000 2.18952
2 1.84885 2.33720 0.0300000 1.00000 2.18952
3 1.83548 2.35914 0.0300000 1.00000 2.18952
4 2.38468 2.08715 0.0300000 1.00000 2.18952
5 1.71533 2.38734 0.0300000 1.00000 2.18952
6 0.229313 2.00491 0.0300000 1.00000 2.18952
7 0.360090 1.33293 0.0300000 1.00000 2.18952
8 1.12863 2.04173 0.0300000 1.00000 2.18952
9 2.39319 2.86547 0.0300000 1.00000 2.18952
10 1.66778 1.94721 0.0300000 1.00000 2.18952
22
1 1.01248 1.72470 0.0300000 1.00000 2.18952
2 1.83145 2.36164 0.0300000 1.00000 2.18952
3 1.81808 2.38358 0.0300000 1.00000 2.18952
4 2.36728 2.11159 0.0300000 1.00000 2.18952
5 1.69793 2.41178 0.0300000 1.00000 2.18952
6 0.211913 2.02935 0.0300000 1.00000 2.18952
7 0.342690 1.35737 0.0300000 1.00000 2.18952
8 1.11123 2.06617 0.0300000 1.00000 2.18952
9 2.37579 2.88991 0.0300000 1.00000 2.18952
10 1.65038 1.97165 0.0300000 1.00000 2.18952
23
1 0.995079 1.74913 0.0300000 1.00000 2.18952
2 1.81405 2.38608 0.0300000 1.00000 2.18952
3 1.80068 2.40802 0.0300000 1.00000 2.18952
4 2.34988 2.13602 0.0300000 1.00000 2.18952
5 1.68053 2.43621 0.0300000 1.00000 2.18952
6 0.194514 2.05379 0.0300000 1.00000 2.18952
7 0.325290 1.38181 0.0300000 1.00000 2.18952
8 1.09383 2.09060 0.0300000 1.00000 2.18952
9 2.35839 2.91435 0.0300000 1.00000 2.18952
10 1.63298 1.99609 0.0300000 1.00000 2.18952
24
1 0.977680 1.77357 0.0300000 1.00000 2.18952
2 1.79665 2.41052 0.0300000 1.00000 2.18952
3 1.78328 2.43246 0.0300000 1.00000 2.18952
4 2.33248 2.16046 0.0300000 1.00000 2.18952
5 1.66313 2.46065 0.0300000 1.00000 2.18952
6 0.177114 2.07822 0.0300000 1.00000 2.18952
7 0.307891 1.40625 0.0300000 1.00000 2.18952
8 1.07643 2.11504 0.0300000 1.00000 2.18952
9 2.34099 2.93879 0.0300000 1.00000 2.18952
10 1.61558 2.02053 0.0300000 1.00000 2.18952
25
1 0.960280 1.79801 0.0300000 1.00000 2.18952
2 1.77925 2.43496 0.0300000 1.00000 2.18952
3 1.76588 2.45690 0.0300000 1.00000 2.18952
4 2.31508 2.18490 0.0300000 1.00000 2.18952
5 1.64573 2.48509 0.0300000 1.00000 2.18952
6 0.159714 2.10266 0.0300000 1.00000 2.18952
7 0.290491 1.43069 0.0300000 1.00000 2.18952
8 1.05903 2.13948 0.0300000 1.00000 2.18952
9 2.32359 2.96323 0.0300000 1.00000 2.18952
10 1.59818 2.04497 0.0300000 1.00000 2.18952
26
1 0.942880 1.82245 0.0300000 1.00000 2.18952
2 1.76185 2.45939 0.0300000 1.00000 2.18952
3 1.74848 2.48133 0.0300000 1.00000 2.18952
4 2.29768 2.20934 0.0300000 1.00000 2.18952
5 1.62833 2.50953 0.0300000 1.00000 2.18952
6 0.142314 2.12710 0.0300000 1.00000 2.18952
7 0.273091 1.45513 0.0300000 1.00000 2.18952
8 1.04163 2.16392 0.0300000 1.00000 2.18952
9 2.30619 2.98767 0.0300000 1.00000 2.18952
10 1.58078 2.06941 0.0300000 1.00000 2.18952
27
1 0.925480 1.84689 0.0300000 1.00000 2.18952
2 1.74445 2.48383 0.0300000 1.00000 2.18952
3 1.73108 2.50577 0.0300000 1.00000 2.18952
4 2.28028 2.23378 0.0300000 1.00000 2.18952
5 1.61093 2.53397 0.0300000 1.00000 2.18952
6 0.124914 2.15154 0.0300000 1.00000 2.18952
7 0.255691 1.47956 0.0300000 1.00000 2.18952
8 1.02423 2.18836 0.0300000 1.00000 2.18952
9 2.28879 3.01211 0.0300000 1.00000 2.18952
10 1.56338 2.09385 0.0300000 1.00000 2.18952
28
1 0.908080 1.87133 0.0300000 1.00000 2.18952
2 1.72705 2.50827 0.0300000 1.00000 2.18952
3 1.71368 2.53021 0.0300000 1.00000 2.18952
4 2.26288 2.25822 0.0300000 1.00000 2.18952
5 1.59353 2.55841 0.0300000 1.00000 2.18952
6 0.107514 2.17598 0.0300000 1.00000 2.18952
7 0.238291 1.50400 0.0300000 1.00000 2.18952
8 1.00683 2.21280 0.0300000 1.00000 2.18952
9 2.27139 3.03654 0.0300000 1.00000 2.18952
10 1.54598 2.11828 0.0300000 1.00000 2.18952
29
1 0.890680 1.89577 0.0300000 1.00000 2.18952
2 1.70965 2.53271 0.0300000 1.00000 2.18952
3 1.69628 2.55465 0.0300000 1.00000 2.18952
4 2.24548 2.28266 0.0300000 1.00000 2.18952
5 1.57613 2.58285 0.0300000 1.00000 2.18952
6 0.0901144 2.20042 0.0300000 1.00000 2.18952
7 0.220891 1.52844 0.0300000 1.00000 2.18952
8 0.989433 2.23724 0.0300000 1.00000 2.18952
9 2.25399 3.06098 0.0300000 1.00000 2.18952
10 1.52858 2.14272 0.0300000 1.00000 2.18952
30
1 0.873280 1.92020 0.0300000 1.00000 2.18952
2 1.69225 2.55715 0.0300000 1.00000 2.18952
3 1.67888 2.57909 0.0300000 1.00000 2.18952
4 2.22808 2.30709 0.0300000 1.00000 2.18952
5 1.55873 2.60728 0.0300000 1.00000 2.18952
6 0.0727145 2.22486 0.0300000 1.00000 2.18952
7 0.203491 1.55288 0.0300000 1.00000 2.18952
8 0.972033 2.26167 0.0300000 1.00000 2.18952
9 2.23659 3.08542 0.0300000 1.00000 2.18952
10 1.51118 2.16716 0.0300000 1.00000 2.18952
31
1 0.855881 1.94464 0.0300000 1.00000 2.18952
2 1.67485 2.58159 0.0300000 1.00000 2.18952
3 1.66148 2.60353 0.0300000 1.00000 2.18952
4 2.21068 2.33153 0.0300000 1.00000 2.18952
5 1.54133 2.63172 0.0300000 1.00000 2.18952
6 0.0553147 2.24930 0.0300000 1.00000 2.18952
7 0.186092 1.57732 0.0300000 1.00000 2.18952
8 0.954633 2.28611 0.0300000 1.00000 2.18952
9 2.21919 0.00985949 0.0300000 1.00000 2.18952
10 1.49378 2.19160 0.0300000 1.00000 2.18952
32
1 0.838481 1.96908 0.0300000 1.00000 2.18952
2 1.65745 2.60603 0.0300000 1.00000 2.18952
3 1.64408 2.62797 0.0300000 1.00000 2.18952
4 2.19328 2.35597 0.0300000 1.00000 2.18952
5 1.52393 2.65616 0.0300000 1.00000 2.18952
6 0.0379148 2.27373 0.0300000 1.00000 2.18952
7 0.168692 1.60176 0.0300000 1.00000 2.18952
8 0.937233 2.31055 0.0300000 1.00000 2.18952
9 2.20179 0.0342981 0.0300000 1.00000 2.18952
10 1.47638 2.21604 0.0300000 1.00000 2.18952
33
1 0.821081 1.99352 0.0300000 1.00000 2.18952
2 1.64005 2.63046 0.0300000 1.00000 2.18952
3 1.62668 2.65240 0.0300000 1.00000 2.18952
4 2.17588 2.38041 0.0300000 1.00000 2.18952
5 1.50653 2.68060 0.0300000 1.00000 2.18952
6 0.0205149 2.29817 0.0300000 1.00000 2.18952
7 0.151292 1.62620 0.0300000 1.00000 2.18952
8 0.919834 2.33499 0.0300000 1.00000 2.18952
9 2.18439 0.0587367 0.0300000 1.00000 2.18952
10 1.45898 2.24048 0.0300000 1.00000 2.18952
34
1 0.803681 2.01796 0.0300000 1.00000 2.18952
2 1.62265 2.65490 0.0300000 1.00000 2.18952
3 1.60928 2.67684 0.0300000 1.00000 2.18952
4 2.15848 2.40485 0.0300000 1.00000 2.18952
5 1.48913 2.70504 0.0300000 1.00000 2.18952
6 0.00311508 2.32261 0.0300000 1.00000 2.18952
7 0.133892 1.65063 0.0300000 1.00000 2.18952
8 0.902434 2.35943 0.0300000 1.00000 2.18952
9 2.16699 0.0831753 0.0300000 1.00000 2.18952
10 1.44158 2.26492 0.0300000 1.00000 2.18952
35
1 0.786281 2.04240 0.0300000 1.00000 2.18952
2 1.60525 2.67934 0.0300000 1.00000 2.18952
3 1.59188 2.70128 0.0300000 1.00000 2.18952
4 2.14108 2.42929 0.0300000 1.00000 2.18952
5 1.47173 2.72948 0.0300000 1.00000 2.18952
6 3.08572 2.34705 0.0300000 1.00000 2.18952
7 0.116492 1.67507 0.0300000 1.00000 2.18952
8 0.885034 2.38387 0.0300000 1.00000 2.18952
9 2.14959 0.107614 0.0300000 1.00000 2.18952
10 1.42418 2.28935 0.0300000 1.00000 2.18952
36
1 0.768881 2.06684 0.0300000 1.00000 2.18952
2 1.58785 2.70378 0.0300000 1.00000 2.18952
3 1.57448 2.72572 0.0300000 1.00000 2.18952
4 2.12368 2.45373 0.0300000 1.00000 2.18952
5 1.45433 2.75392 0.0300000 1.00000 2.18952
6 3.06832 2.37149 0.0300000 1.00000 2.18952
7 0.0990922 1.69951 0.0300000 1.00000 2.18952
8 0.867634 2.40831 0.0300000 1.00000 2.18952
9 2.13219 0.132052 0.0300000 1.00000 2.18952
10 1.40678 2.31379 0.0300000 1.00000 2.18952
37
1 0.751481 2.09127 0.0300000 1.00000 2.18952
2 1.57045 2.72822 0.0300000 1.00000 2.18952
3 1.55708 2.75016 0.0300000 1.00000 2.18952
4 2.10628 2.47816 0.0300000 1.00000 2.18952
5 1.43693 2.77835 0.0300000 1.00000 2.18952
6 3.05092 2.39593 0.0300000 1.00000 2.18952
7 0.0816924 1.72395 0.0300000 1.00000 2.18952
8 0.850234 2.43274 0.0300000 1.00000 2.18952
9 2.11479 0.156491 0.0300000 1.00000 2.18952
10 1.38938 2.33823 0.0300000 1.00000 2.18952
38
1 0.734081 2.11571 0.0300000 1.00000 2.18952
2 1.55305 2.75266 0.0300000 1.00000 2.18952
3 1.53968 2.77460 0.0300000 1.00000 2.18952
4 2.08888 2.50260 0.0300000 1.00000 2.18952
5 1.41953 2.80279 0.0300000 1.00000 2.18952
6 3.03352 2.42037 0.0300000 1.00000 2.18952
7 0.0642925 1.74839 0.0300000 1.00000 2.18952
8 0.832834 2.45718 0.0300000 1.00000 2.18952
9 2.09739 0.180930 0.0300000 1.00000 2.18952
10 1.37198 2.36267 0.0300000 1.00000 2.18952
39
1 0.716682 2.14015 0.0300000 1.00000 2.18952
2 1.53565 2.77710 0.0300000 1.00000 2.18952
3 1.52228 2.79904 0.0300000 1.00000 2.18952
4 2.07148 2.52704 0.0300000 1.00000 2.18952
5 1.40213 2.82723 0.0300000 1.00000 2.18952
6 3.01612 2.44480 0.0300000 1.00000 2.18952
7 0.0468926 1.77283 0.0300000 1.00000 2.18952
8 0.815434 2.48162 0.0300000 1.00000 2.18952
9 2.07999 0.205368 0.0300000 1.00000 2.18952
10 1.35458 2.38711 0.0300000 1.00000 2.18952
40
1 0.699282 2.16459 0.0300000 1.00000 2.18952
2 1.51825 2.80153 0.0300000 1.00000 2.18952
3 1.50488 2.82347 0.0300000 1.00000 2.18952
4 2.05408 2.55148 0.0300000 1.00000 2.18952
5 1.38473 2.85167 0.0300000 1.00000 2.18952
6 2.99872 2.46924 0.0300000 1.00000 2.18952
7 0.0294928 1.79727 0.0300000 1.00000 2.18952
8 0.798035 2.50606 0.0300000 1.00000 2.18952
9 2.06259 0.229807 0.0300000 1.00000 2.18952
10 1.33718 2.41155 0.0300000 1.00000 2.18952
41
1 0.681882 2.18903 0.0300000 1.00000 2.18952
2 1.50085 2.82597 0.0300000 1.00000 2.18952
3 1.48748 2.84791 0.0300000 1.00000 2.18952
4 2.03668 2.57592 0.0300000 1.00000 2.18952
5 1.36734 2.87611 0.0300000 1.00000 2.18952
6 2.98132 2.49368 0.0300000 1.00000 2.18952
7 0.0120929 1.82170 0.0300000 1.00000 2.18952
8 0.780635 2.53050 0.0300000 1.00000 2.18952
9 2.04519 0.254245 0.0300000 1.00000 2.18952
10 1.31978 2.43599 0.0300000 1.00000 2.18952
42
1 0.664482 2.21347 0.0300000 1.00000 2.18952
2 1.48345 2.85041 0.0300000 1.00000 2.18952
3 1.47008 2.87235 0.0300000 1.00000 2.18952
4 2.01928 2.60036 0.0300000 1.00000 2.18952
5 1.34994 2.90055 0.0300000 1.00000 2.18952
6 2.96392 2.51812 0.0300000 1.00000 2.18952
7 3.09469 1.84614 0.0300000 1.00000 2.18952
8 0.763235 2.55494 0.0300000 1.00000 2.18952
9 2.02779 0.278684 0.0300000 1.00000 2.18952
10 1.30238 2.46042 0.0300000 1.00000 2.18952
43
1 0.647082 2.23791 0.0300000 1.00000 2.18952
2 1.46605 2.87485 0.0300000 1.00000 2.18952
3 1.45268 2.89679 0.0300000 1.00000 2.18952
4 2.00188 2.62480 0.0300000 1.00000 2.18952
5 1.33254 2.92499 0.0300000 1.00000 2.18952
6 2.94652 2.54256 0.0300000 1.00000 2.18952
7 3.07729 1.87058 0.0300000 1.00000 2.18952
8 0.745835 2.57938 0.0300000 1.00000 2.18952
9 2.01039 0.303123 0.0300000 1.00000 2.18952
10 1.28498 2.48486 0.0300000 1.00000 2.18952
44
1 0.629682 2.26234 0.0300000 1.00000 2.18952
2 1.44865 2.89929 0.0300000 1.00000 2.18952
3 1.43528 2.92123 0.0300000 1.00000 2.18952
4 1.98448 2.64923 0.0300000 1.00000 2.18952
5 1.31514 2.94942 0.0300000 1.00000 2.18952
6 2.92912 2.56700 0.0300000 1.00000 2.18952
7 3.05989 1.89502 0.0300000 1.00000 2.18952
8 0.728435 2.60381 0.0300000 1.00000 2.18952
9 1.99299 0.327561 0.0300000 1.00000 2.18952
10 1.26758 2.50930 0.0300000 1.00000 2.18952
45
1 0.612282 2.28678 0.0300000 1.00000 2.18952
2 1.43125 2.92373 0.0300000 1.00000 2.18952
3 1.41788 2.94567 0.0300000 1.00000 2.18952
4 1.96708 2.67367 0.0300000 1.00000 2.18952
5 1.29774 2.97386 0.0300000 1.00000 2.18952
6 2.91172 2.59144 0.0300000 1.00000 2.18952
7 3.04249 1.91946 0.0300000 1.00000 2.18952
8 0.711035 2.62825 0.0300000 1.00000 2.18952
9 1.97559 0.352000 0.0300000 1.00000 2.18952
10 1.25018 2.53374 0.0300000 1.00000 2.18952
46
1 0.594883 2.31122 0.0300000 1.00000 2.18952
2 1.41385 2.94817 0.0300000 1.00000 2.18952
3 1.40048 2.97011 0.0300000 1.00000 2.18952
4 1.94968 2.69811 0.0300000 1.00000 2.18952
5 1.28034 2.99830 0.0300000 1.00000 2.18952
6 2.89432 2.61587 0.0300000 1.00000 2.18952
7 3.02509 1.94390 0.0300000 1.00000 2.18952
8 0.693635 2.65269 0.0300000 1.00000 2.18952
9 1.95819 0.376438 0.0300000 1.00000 2.18952
10 1.23278 2.55818 0.0300000 1.00000 2.18952
47
1 0.577483 2.33566 0.0300000 1.00000 2.18952
2 1.39645 2.97260 0.0300000 1.00000 2.18952
3 1.38308 2.99454 0.0300000 1.00000 2.18952
4 1.93228 2.72255 0.0300000 1.00000 2.18952
5 1.26294 3.02274 0.0300000 1.00000 2.18952
6 2.87692 2.64031 0.0300000 1.00000 2.18952
7 3.00769 1.96834 0.0300000 1.00000 2.18952
8 0.676235 2.67713 0.0300000 1.00000 2.18952
9 1.94079 0.400877 0.0300000 1.00000 2.18952
10 1.21538 2.58262 0.0300000 1.00000 2.18952
48
1 0.560083 2.36010 0.0300000 1.00000 2.18952
2 1.37905 2.99704 0.0300000 1.00000 2.18952
3 1.36568 3.01898 0.0300000 1.00000 2.18952
4 1.91488 2.74699 0.0300000 1.00000 2.18952
5 1.24554 3.04718 0.0300000 1.00000 2.18952
6 2.85952 2.66475 0.0300000 1.00000 2.18952
7 2.99029 1.99277 0.0300000 1.00000 2.18952
8 0.658836 2.70157 0.0300000 1.00000 2.18952
9 1.92339 0.425316 0.0300000 1.00000 2.18952
10 1.19798 2.60706 0.0300000 1.00000 2.18952
49
1 0.542683 2.38454 0.0300000 1.00000 2.18952
2 1.36165 3.02148 0.0300000 1.00000 2.18952
3 1.34828 3.04342 0.0300000 1.00000 2.18952
4 1.89748 2.77143 0.0300000 1.00000 2.18952
5 1.22814 3.07162 0.0300000 1.00000 2.18952
6 2.84212 2.68919 0.0300000 1.00000 2.18952
7 2.97289 2.01721 0.0300000 1.00000 2.18952
8 0.641436 2.72601 0.0300000 1.00000 2.18952
9 1.90599 0.449754 0.0300000 1.00000 2.18952
10 1.18058 2.63150 0.0300000 1.00000 2.18952
50
1 0.525283 2.40898 0.0300000 1.00000 2.18952
2 1.34425 3.04592 0.0300000 1.00000 2.18952
3 1.33088 3.06786 0.0300000 1.00000 2.18952
4 1.88008 2.79587 0.0300000 1.00000 2.18952
5 1.21074 3.09606 0.0300000 1.00000 2.18952
6 2.82472 2.71363 0.0300000 1.00000 2.18952
7 2.95549 2.04165 0.0300000 1.00000 2.18952
8 0.624036 2.75045 0.0300000 1.00000 2.18952
9 1.88859 0.474193 0.0300000 1.00000 2.18952
10 1.16318 2.65593 0.0300000 1.00000 2.18952
51
1 0.507883 2.43341 0.0300000 1.00000 2.18952
2 1.32685 3.07036 0.0300000 1.00000 2.18952
3 1.31348 3.09230 0.0300000 1.00000 2.18952
4 1.86268 2.82030 0.0300000 1.00000 2.18952
5 1.19334 0.0204948 0.0300000 1.00000 2.18952
6 2.80732 2.73807 0.0300000 1.00000 2.18952
7 2.93809 2.06609 0.0300000 1.00000 2.18952
8 0.606636 2.77488 0.0300000 1.00000 2.18952
9 1.87119 0.498631 0.0300000 1.00000 2.18952
10 1.14578 2.68037 0.0300000 1.00000 2.18952
52
1 0.490483 2.45785 0.0300000 1.00000 2.18952
2 1.30945 3.09480 0.0300000 1.00000 2.18952
3 1.29608 0.0167378 0.0300000 1.00000 2.18952
4 1.84528 2.84474 0.0300000 1.00000 2.18952
5 1.17594 0.0449334 0.0300000 1.00000 2.18952
6 2.78992 2.76251 0.0300000 1.00000 2.18952
7 2.92069 2.09053 0.0300000 1.00000 2.18952
8 0.589236 2.79932 0.0300000 1.00000 2.18952
9 1.85379 0.523070 0.0300000 1.00000 2.18952
10 1.12838 2.70481 0.0300000 1.00000 2.18952
53
1 0.473084 2.48229 0.0300000 1.00000 2.18952
2 1.29206 0.0192358 0.0300000 1.00000 2.18952
3 1.27868 0.0411764 0.0300000 1.00000 2.18952
4 1.82788 2.86918 0.0300000 1.00000 2.18952
5 1.15854 0.0693720 0.0300000 1.00000 2.18952
6 2.77252 2.78694 0.0300000 1.00000 2.18952
7 2.90329 2.11497 0.0300000 1.00000 2.18952
8 0.571836 2.82376 0.0300000 1.00000 2.18952
9 1.83639 0.547509 0.0300000 1.00000 2.18952
10 1.11098 2.72925 0.0300000 1.00000 2.18952
54
1 0.455684 2.50673 0.0300000 1.00000 2.18952
2 1.27466 0.0436744 0.0300000 1.00000 2.18952
3 1.26128 0.0656150 0.0300000 1.00000 2.18952
4 1.81048 2.89362 0.0300000 1.00000 2.18952
5 1.14114 0.0938106 0.0300000 1.00000 2.18952
6 2.75512 2.81138 0.0300000 1.00000 2.18952
7 2.88589 2.13941 0.0300000 1.00000 2.18952
8 0.554436 2.84820 0.0300000 1.00000 2.18952
9 1.81899 0.571947 0.0300000 1.00000 2.18952
10 1.09358 2.75369 0.0300000 1.00000 2.18952
55
1 0.438284 2.53117 0.0300000 1.00000 2.18952
2 1.25726 0.0681130 0.0300000 1.00000 2.18952
3 1.24388 0.0900536 0.0300000 1.00000 2.18952
4 1.79308 2.91806 0.0300000 1.00000 2.18952
5 1.12374 0.118249 0.0300000 1.00000 2.18952
6 2.73772 2.83582 0.0300000 1.00000 2.18952
7 2.86849 2.16384 0.0300000 1.00000 2.18952
8 0.537037 2.87264 0.0300000 1.00000 2.18952
9 1.80159 0.596386 0.0300000 1.00000 2.18952
10 1.07618 2.77813 0.0300000 1.00000 2.18952
56
1 0.420884 2.55561 0.0300000 1.00000 2.18952
2 1.23986 0.0925516 0.0300000 1.00000 2.18952
3 1.22648 0.114492 0.0300000 1.00000 2.18952
4 1.77568 2.94250 0.0300000 1.00000 2.18952
5 1.10634 0.142688 0.0300000 1.00000 2.18952
6 2.72032 2.86026 0.0300000 1.00000 2.18952
7 2.85109 2.18828 0.0300000 1.00000 2.18952
8 0.519637 2.89708 0.0300000 1.00000 2.18952
9 1.78419 0.620824 0.0300000 1.00000 2.18952
10 1.05878 2.80257 0.0300000 1.00000 2.18952
57
1 0.403484 2.58005 0.0300000 1.00000 2.18952
2 1.22246 0.116990 0.0300000 1.00000 2.18952
3 1.20908 0.138931 0.0300000 1.00000 2.18952
4 1.75828 2.96694 0.0300000 1.00000 2.18952
5 1.08894 0.167126 0.0300000 1.00000 2.18952
6 2.70292 2.88470 0.0300000 1.00000 2.18952
7 2.83370 2.21272 0.0300000 1.00000 2.18952
8 0.502237 2.92152 0.0300000 1.00000 2.18952
9 1.76679 0.645263 0.0300000 1.00000 2.18952
10 1.04138 2.82700 0.0300000 1.00000 2.18952
58
1 0.386084 2.60448 0.0300000 1.00000 2.18952
2 1.20506 0.141429 0.0300000 1.00000 2.18952
3 1.19168 0.163369 0.0300000 1.00000 2.18952
4 1.74088 2.99137 0.0300000 1.00000 2.18952
5 1.07154 0.191565 0.0300000 1.00000 2.18952
6 2.68552 2.90914 0.0300000 1.00000 2.18952
7 2.81630 2.23716 0.0300000 1.00000 2.18952
8 0.484837 2.94595 0.0300000 1.00000 2.18952
9 1.74939 0.669701 0.0300000 1.00000 2.18952
10 1.02398 2.85144 0.0300000 1.00000 2.18952
59
1 0.368684 2.62892 0.0300000 1.00000 2.18952
2 1.18766 0.165867 0.0300000 1.00000 2.18952
3 1.17428 0.187808 0.0300000 1.00000 2.18952
4 1.72348 3.01581 0.0300000 1.00000 2.18952
5 1.05414 0.216004 0.0300000 1.00000 2.18952
6 2.66812 2.93358 0.0300000 1.00000 2.18952
7 2.79890 2.26160 0.0300000 1.00000 2.18952
8 0.467437 2.97039 0.0300000 1.00000 2.18952
9 1.73199 0.694140 0.0300000 1.00000 2.18952
10 1.00658 2.87588 0.0300000 1.00000 2.18952
60
1 0.351285 2.65336 0.0300000 1.00000 2.18952
2 1.17026 0.190306 0.0300000 1.00000 2.18952
3 1.15688 0.212247 0.0300000 1.00000 2.18952
4 1.70608 3.04025 0.0300000 1.00000 2.18952
5 1.03674 0.240442 0.0300000 1.00000 2.18952
6 2.65072 2.95801 0.0300000 1.00000 2.18952
7 2.78150 2.28604 0.0300000 1.00000 2.18952
8 0.450037 2.99483 0.0300000 1.00000 2.18952
9 1.71459 0.718579 0.0300000 1.00000 2.18952
10 0.989184 2.90032 0.0300000 1.00000 2.18952
61
1 0.333885 2.67780 0.0300000 1.00000 2.18952
2 1.15286 0.214745 0.0300000 1.00000 2.18952
3 1.13948 0.236685 0.0300000 1.00000 2.18952
4 1.68868 3.06469 0.0300000 1.00000 2.18952
5 1.01934 0.264881 0.0300000 1.00000 2.18952
6 2.63332 2.98245 0.0300000 1.00000 2.18952
7 2.76410 2.31048 0.0300000 1.00000 2.18952
8 0.432637 3.01927 0.0300000 1.00000 2.18952
9 1.69719 0.743017 0.0300000 1.00000 2.18952
10 0.971784 2.92476 0.0300000 1.00000 2.18952
62
1 0.316485 2.70224 0.0300000 1.00000 2.18952
2 1.13546 0.239183 0.0300000 1.00000 2.18952
3 1.12208 0.261124 0.0300000 1.00000 2.18952
4 1.67128 3.08913 0.0300000 1.00000 2.18952
5 1.00194 0.289319 0.0300000 1.00000 2.18952
6 2.61592 3.00689 0.0300000 1.00000 2.18952
7 2.74670 2.33491 0.0300000 1.00000 2.18952
8 0.415238 3.04371 0.0300000 1.00000 2.18952
9 1.67979 0.767456 0.0300000 1.00000 2.18952
10 0.954384 2.94920 0.0300000 1.00000 2.18952
63
1 0.299085 2.72668 0.0300000 1.00000 2.18952
2 1.11806 0.263622 0.0300000 1.00000 2.18952
3 1.10468 0.285562 0.0300000 1.00000 2.18952
4 1.65388 0.0135676 0.0300000 1.00000 2.18952
5 0.984538 0.313758 0.0300000 1.00000 2.18952
6 2.59852 3.03133 0.0300000 1.00000 2.18952
7 2.72930 2.35935 0.0300000 1.00000 2.18952
8 0.397838 3.06815 0.0300000 1.00000 2.18952
9 1.66239 0.791894 0.0300000 1.00000 2.18952
10 0.936984 2.97364 0.0300000 1.00000 2.18952
64
1 0.281685 2.75112 0.0300000 1.00000 2.18952
2 1.10066 0.288060 0.0300000 1.00000 2.18952
3 1.08728 0.310001 0.0300000 1.00000 2.18952
4 1.63648 0.0380062 0.0300000 1.00000 2.18952
5 0.967138 0.338197 0.0300000 1.00000 2.18952
6 2.58112 3.05577 0.0300000 1.00000 2.18952
7 2.71190 2.38379 0.0300000 1.00000 2.18952
8 0.380438 3.09259 0.0300000 1.00000 2.18952
9 1.64499 0.816333 0.0300000 1.00000 2.18952
10 0.919585 2.99807 0.0300000 1.00000 2.18952
65
1 0.264285 2.77555 0.0300000 1.00000 2.18952
2 1.08326 0.312499 0.0300000 1.00000 2.18952
3 1.06988 0.334439 0.0300000 1.00000 2.18952
4 1.61908 0.0624448 0.0300000 1.00000 2.18952
5 0.949738 0.362635 0.0300000 1.00000 2.18952
6 2.56372 3.08021 0.0300000 1.00000 2.18952
7 2.69450 2.40823 0.0300000 1.00000 2.18952
8 0.363038 0.0170246 0.0300000 1.00000 2.18952
9 1.62759 0.840772 0.0300000 1.00000 2.18952
10 0.902185 3.02251 0.0300000 1.00000 2.18952
66
1 0.246885 2.79999 0.0300000 1.00000 2.18952
2 1.06586 0.336938 0.0300000 1.00000 2.18952
3 1.05248 0.358878 0.0300000 1.00000 2.18952
4 1.60168 0.0868834 0.0300000 1.00000 2.18952
5 0.932339 0.387074 0.0300000 1.00000 2.18952
6 2.54632 0.00464581 0.0300000 1.00000 2.18952
7 2.67710 2.43267 0.0300000 1.00000 2.18952
8 0.345638 0.0414632 0.0300000 1.00000 2.18952
9 1.61019 0.865210 0.0300000 1.00000 2.18952
10 0.884785 3.04695 0.0300000 1.00000 2.18952
67
1 0.229486 2.82443 0.0300000 1.00000 2.18952
2 1.04846 0.361376 0.0300000 1.00000 2.18952
3 1.03508 0.383317 0.0300000 1.00000 2.18952
4 1.58428 0.111322 0.0300000 1.00000 2.18952
5 0.914939 0.411512 0.0300000 1.00000 2.18952
6 2.52892 0.0290844 0.0300000 1.00000 2.18952
7 2.65970 2.45711 0.0300000 1.00000 2.18952
8 0.328238 0.0659018 0.0300000 1.00000 2.18952
9 1.59279 0.889649 0.0300000 1.00000 2.18952
10 0.867385 3.07139 0.0300000 1.00000 2.18952
68
1 0.212086 2.84887 0.0300000 1.00000 2.18952
2 1.03106 0.385815 0.0300000 1.00000 2.18952
3 1.01768 0.407755 0.0300000 1.00000 2.18952
4 1.56688 0.135761 0.0300000 1.00000 2.18952
5 0.897539 0.435951 0.0300000 1.00000 2.18952
6 2.51152 0.0535230 0.0300000 1.00000 2.18952
7 2.64230 2.48155 0.0300000 1.00000 2.18952
8 0.310838 0.0903404 0.0300000 1.00000 2.18952
9 1.57539 0.914087 0.0300000 1.00000 2.18952
10 0.849985 3.09583 0.0300000 1.00000 2.18952
69
1 0.194686 2.87331 0.0300000 1.00000 2.18952
2 1.01366 0.410253 0.0300000 1.00000 2.18952
3 1.00029 0.432194 0.0300000 1.00000 2.18952
4 1.54948 0.160199 0.0300000 1.00000 2.18952
5 0.880139 0.460389 0.0300000 1.00000 2.18952
6 2.49412 0.0779616 0.0300000 1.00000 2.18952
7 2.62490 2.50598 0.0300000 1.00000 2.18952
8 0.293439 0.114779 0.0300000 1.00000 2.18952
9 1.55799 0.938526 0.0300000 1.00000 2.18952
10 0.832585 0.0202669 0.0300000 1.00000 2.18952
70
1 0.177286 2.89775 0.0300000 1.00000 2.18952
2 0.996257 0.434692 0.0300000 1.00000 2.18952
3 0.982885 0.456632 0.0300000 1.00000 2.18952
4 1.53208 0.184638 0.0300000 1.00000 2.18952
5 0.862739 0.484828 0.0300000 1.00000 2.18952
6 2.47672 0.102400 0.0300000 1.00000 2.18952
7 2.60750 2.53042 0.0300000 1.00000 2.18952
8 0.276039 0.139218 0.0300000 1.00000 2.18952
9 1.54060 0.962965 0.0300000 1.00000 2.18952
10 0.815185 0.0447055 0.0300000 1.00000 2.18952
71
1 0.159886 2.92219 0.0300000 1.00000 2.18952
2 0.978858 0.459130 0.0300000 1.00000 2.18952
3 0.965485 0.481071 0.0300000 1.00000 2.18952
4 1.51468 0.209076 0.0300000 1.00000 2.18952
5 0.845339 0.509267 0.0300000 1.00000 2.18952
6 2.45932 0.126839 0.0300000 1.00000 2.18952
7 2.59010 2.55486 0.0300000 1.00000 2.18952
8 0.258639 0.163656 0.0300000 1.00000 2.18952
9 1.52320 0.987403 0.0300000 1.00000 2.18952
10 0.797786 0.0691441 0.0300000 1.00000 2.18952
72
1 0.142486 2.94662 0.0300000 1.00000 2.18952
2 0.961458 0.483569 0.0300000 1.00000 2.18952
3 0.948085 0.505510 0.0300000 1.00000 2.18952
4 1.49728 0.233515 0.0300000 1.00000 2.18952
5 0.827939 0.533705 0.0300000 1.00000 2.18952
6 2.44192 0.151277 0.0300000 1.00000 2.18952
7 2.57270 2.57930 0.0300000 1.00000 2.18952
8 0.241239 0.188095 0.0300000 1.00000 2.18952
9 1.50580 1.01184 0.0300000 1.00000 2.18952
10 0.780386 0.0935827 0.0300000 1.00000 2.18952
73
1 0.125086 2.97106 0.0300000 1.00000 2.18952
2 0.944058 0.508008 0.0300000 1.00000 2.18952
3 0.930686 0.529948 0.0300000 1.00000 2.18952
4 1.47988 0.257954 0.0300000 1.00000 2.18952
5 0.810539 0.558144 0.0300000 1.00000 2.18952
6 2.42452 0.175716 0.0300000 1.00000 2.18952
7 2.55530 2.60374 0.0300000 1.00000 2.18952
8 0.223839 0.212533 0.0300000 1.00000 2.18952
9 1.48840 1.03628 0.0300000 1.00000 2.18952
10 0.762986 0.118021 0.0300000 1.00000 2.18952
74
1 0.107686 2.99550 0.0300000 1.00000 2.18952
2 0.926658 0.532446 0.0300000 1.00000 2.18952
3 0.913286 0.554387 0.0300000 1.00000 2.18952
4 1.46248 0.282392 0.0300000 1.00000 2.18952
5 0.793140 0.582582 0.0300000 1.00000 2.18952
6 2.40712 0.200155 0.0300000 1.00000 2.18952
7 2.53790 2.62818 0.0300000 1.00000 2.18952
8 0.206439 0.236972 0.0300000 1.00000 2.18952
9 1.47100 1.06072 0.0300000 1.00000 2.18952
10 0.745586 0.142460 0.0300000 1.00000 2.18952
75
1 0.0902866 3.01994 0.0300000 1.00000 2.18952
2 0.909258 0.556885 0.0300000 1.00000 2.18952
3 0.895886 0.578825 0.0300000 1.00000 2.18952
4 1.44508 0.306831 0.0300000 1.00000 2.18952
5 0.775740 0.607021 0.0300000 1.00000 2.18952
6 2.38972 0.224593 0.0300000 1.00000 2.18952
7 2.52050 2.65262 0.0300000 1.00000 2.18952
8 0.189039 0.261411 0.0300000 1.00000 2.18952
9 1.45360 1.08516 0.0300000 1.00000 2.18952
10 0.728186 0.166899 0.0300000 1.00000 2.18952
76
1 0.0728868 3.04438 0.0300000 1.00000 2.18952
2 0.891858 0.581323 0.0300000 1.00000 2.18952
3 0.878486 0.603264 0.0300000 1.00000 2.18952
4 1.42768 0.331269 0.0300000 1.00000 2.18952
5 0.758340 0.631460 0.0300000 1.00000 2.18952
6 2.37232 0.249032 0.0300000 1.00000 2.18952
7 2.50310 2.67706 0.0300000 1.00000 2.18952
8 0.171639 0.285849 0.0300000 1.00000 2.18952
9 1.43620 1.10960 0.0300000 1.00000 2.18952
10 0.710786 0.191337 0.0300000 1.00000 2.18952
77
1 0.0554869 3.06882 0.0300000 1.00000 2.18952
2 0.874458 0.605762 0.0300000 1.00000 2.18952
3 0.861086 0.627703 0.0300000 1.00000 2.18952
4 1.41028 0.355708 0.0300000 1.00000 2.18952
5 0.740940 0.655898 0.0300000 1.00000 2.18952
6 2.35492 0.273470 0.0300000 1.00000 2.18952
7 2.48570 2.70149 0.0300000 1.00000 2.18952
8 0.154240 0.310288 0.0300000 1.00000 2.18952
9 1.41880 1.13403 0.0300000 1.00000 2.18952
10 0.693386 0.215776 0.0300000 1.00000 2.18952
78
1 0.0380870 3.09326 0.0300000 1.00000 2.18952
2 0.857059 0.630201 0.0300000 1.00000 2.18952
3 0.843686 0.652141 0.0300000 1.00000 2.18952
4 1.39288 0.380147 0.0300000 1.00000 2.18952
5 0.723540 0.680337 0.0300000 1.00000 2.18952
6 2.33752 0.297909 0.0300000 1.00000 2.18952
7 2.46830 2.72593 0.0300000 1.00000 2.18952
8 0.136840 0.334726 0.0300000 1.00000 2.18952
9 1.40140 1.15847 0.0300000 1.00000 2.18952
10 0.675987 0.240214 0.0300000 1.00000 2.18952
79
1 0.0206872 0.0176950 0.0300000 1.00000 2.18952
2 0.839659 0.654639 0.0300000 1.00000 2.18952
3 0.826286 0.676580 0.0300000 1.00000 2.18952
4 1.37548 0.404585 0.0300000 1.00000 2.18952
5 0.706140 0.704775 0.0300000 1.00000 2.18952
6 2.32012 0.322348 0.0300000 1.00000 2.18952
7 2.45090 2.75037 0.0300000 1.00000 2.18952
8 0.119440 0.359165 0.0300000 1.00000 2.18952
9 1.38400 1.18291 0.0300000 1.00000 2.18952
10 0.658587 0.264653 0.0300000 1.00000 2.18952
80
1 0.00328731 0.0421336 0.0300000 1.00000 2.18952
2 0.822259 0.679078 0.0300000 1.00000 2.18952
3 0.808887 0.701018 0.0300000 1.00000 2.18952
4 1.35808 0.429024 0.0300000 1.00000 2.18952
5 0.688740 0.729214 0.0300000 1.00000 2.18952
6 2.30272 0.346786 0.0300000 1.00000 2.18952
7 2.43350 2.77481 0.0300000 1.00000 2.18952
8 0.102040 0.383603 0.0300000 1.00000 2.18952
9 1.36660 1.20735 0.0300000 1.00000 2.18952
10 0.641187 0.289091 0.0300000 1.00000 2.18952
81
1 3.08589 0.0665722 0.0300000 1.00000 2.18952
2 0.804859 0.703516 0.0300000 1.00000 2.18952
3 0.791487 0.725457 0.0300000 1.00000 2.18952
4 1.34069 0.453462 0.0300000 1.00000 2.18952
5 0.671341 0.753653 0.0300000 1.00000 2.18952
6 2.28532 0.371225 0.0300000 1.00000 2.18952
7 2.41610 2.79925 0.0300000 1.00000 2.18952
8 0.0846402 0.408042 0.0300000 1.00000 2.18952
9 1.34920 1.23179 0.0300000 1.00000 2.18952
10 0.623787 0.313530 0.0300000 1.00000 2.18952
82
1 3.06849 0.0910108 0.0300000 1.00000 2.18952
2 0.787459 0.727955 0.0300000 1.00000 2.18952
3 0.774087 0.749896 0.0300000 1.00000 2.18952
4 1.32329 0.477901 0.0300000 1.00000 2.18952
5 0.653941 0.778091 0.0300000 1.00000 2.18952
6 2.26792 0.395663 0.0300000 1.00000 2.18952
7 2.39870 2.82369 0.0300000 1.00000 2.18952
8 0.0672403 0.432481 0.0300000 1.00000 2.18952
9 1.33180 1.25623 0.0300000 1.00000 2.18952
10 0.606387 0.337969 0.0300000 1.00000 2.18952
83
1 3.05109 0.115449 0.0300000 1.00000 2.18952
2 0.770059 0.752394 0.0300000 1.00000 2.18952
3 0.756687 0.774334 0.0300000 1.00000 2.18952
4 1.30589 0.502339 0.0300000 1.00000 2.18952
5 0.636541 0.802530 0.0300000 1.00000 2.18952
6 2.25052 0.420102 0.0300000 1.00000 2.18952
7 2.38130 2.84813 0.0300000 1.00000 2.18952
8 0.0498405 0.456919 0.0300000 1.00000 2.18952
9 1.31440 1.28067 0.0300000 1.00000 2.18952
10 0.588987 0.362407 0.0300000 1.00000 2.18952
84
1 3.03369 0.139888 0.0300000 1.00000 2.18952
2 0.752659 0.776832 0.0300000 1.00000 2.18952
3 0.739287 0.798773 0.0300000 1.00000 2.18952
4 1.28849 0.526778 0.0300000 1.00000 2.18952
5 0.619141 0.826968 0.0300000 1.00000 2.18952
6 2.23312 0.444540 0.0300000 1.00000 2.18952
7 2.36390 2.87256 0.0300000 1.00000 2.18952
8 0.0324406 0.481358 0.0300000 1.00000 2.18952
9 1.29700 1.30510 0.0300000 1.00000 2.18952
10 0.571587 0.386846 0.0300000 1.00000 2.18952
85
1 3.01629 0.164327 0.0300000 1.00000 2.18952
2 0.735259 0.801271 0.0300000 1.00000 2.18952
3 0.721887 0.823211 0.0300000 1.00000 2.18952
4 1.27109 0.551217 0.0300000 1.00000 2.18952
5 0.601741 0.851407 0.0300000 1.00000 2.18952
6 2.21572 0.468979 0.0300000 1.00000 2.18952
7 2.34650 2.89700 0.0300000 1.00000 2.18952
8 0.0150407 0.505796 0.0300000 1.00000 2.18952
9 1.27960 1.32954 0.0300000 1.00000 2.18952
10 0.554187 0.411284 0.0300000 1.00000 2.18952
86
1 2.99889 0.188765 0.0300000 1.00000 2.18952
2 0.717860 0.825709 0.0300000 1.00000 2.18952
3 0.704487 0.847650 0.0300000 1.00000 2.18952
4 1.25369 0.575655 0.0300000 1.00000 2.18952
5 0.584341 0.875846 0.0300000 1.00000 2.18952
6 2.19832 0.493418 0.0300000 1.00000 2.18952
7 2.32910 2.92144 0.0300000 1.00000 2.18952
8 3.09764 0.530235 0.0300000 1.00000 2.18952
9 1.26220 1.35398 0.0300000 1.00000 2.18952
10 0.536788 0.435723 0.0300000 1.00000 2.18952
87
1 2.98149 0.213204 0.0300000 1.00000 2.18952
2 0.700460 0.850148 0.0300000 1.00000 2.18952
3 0.687088 0.872089 0.0300000 1.00000 2.18952
4 1.23629 0.600094 0.0300000 1.00000 2.18952
5 0.566941 0.900284 0.0300000 1.00000 2.18952
6 2.18092 0.517856 0.0300000 1.00000 2.18952
7 2.31170 2.94588 0.0300000 1.00000 2.18952
8 3.08024 0.554674 0.0300000 1.00000 2.18952
9 1.24480 1.37842 0.0300000 1.00000 2.18952
10 0.519388 0.460162 0.0300000 1.00000 2.18952
88
1 2.96409 0.237642 0.0300000 1.00000 2.18952
2 0.683060 0.874587 0.0300000 1.00000 2.18952
3 0.669688 0.896527 0.0300000 1.00000 2.18952
4 1.21889 0.624532 0.0300000 1.00000 2.18952
5 0.549542 0.924723 0.0300000 1.00000 2.18952
6 2.16352 0.542295 0.0300000 1.00000 2.18952
7 2.29430 2.97032 0.0300000 1.00000 2.18952
8 3.06284 0.579112 0.0300000 1.00000 2.18952
9 1.22740 1.40286 0.0300000 1.00000 2.18952
10 0.501988 0.484600 0.0300000 1.00000 2.18952
89
1 2.94669 0.262081 0.0300000 1.00000 2.18952
2 0.665660 0.899025 0.0300000 1.00000 2.18952
3 0.652288 0.920966 0.0300000 1.00000 2.18952
4 1.20149 0.648971 0.0300000 1.00000 2.18952
5 0.532142 0.949161 0.0300000 1.00000 2.18952
6 2.14612 0.566733 0.0300000 1.00000 2.18952
7 2.27690 2.99476 0.0300000 1.00000 2.18952
8 3.04544 0.603551 0.0300000 1.00000 2.18952
9 1.21000 1.42730 0.0300000 1.00000 2.18952
10 0.484588 0.509039 0.0300000 1.00000 2.18952
90
1 2.92929 0.286520 0.0300000 1.00000 2.18952
2 0.648260 0.923464 0.0300000 1.00000 2.18952
3 0.634888 0.945404 0.0300000 1.00000 2.18952
4 1.18409 0.673410 0.0300000 1.00000 2.18952
5 0.514742 0.973600 0.0300000 1.00000 2.18952
6 2.12872 0.591172 0.0300000 1.00000 2.18952
7 2.25950 3.01920 0.0300000 1.00000 2.18952
8 3.02804 0.627989 0.0300000 1.00000 2.18952
9 1.19260 1.45174 0.0300000 1.00000 2.18952
10 0.467188 0.533477 0.0300000 1.00000 2.18952
91
1 2.91189 0.310958 0.0300000 1.00000 2.18952
2 0.630860 0.947902 0.0300000 1.00000 2.18952
3 0.617488 0.969843 0.0300000 1.00000 2.18952
4 1.16669 0.697848 0.0300000 1.00000 2.18952
5 0.497342 0.998039 0.0300000 1.00000 2.18952
6 2.11132 0.615611 0.0300000 1.00000 2.18952
7 2.24210 3.04363 0.0300000 1.00000 2.18952
8 3.01064 0.652428 0.0300000 1.00000 2.18952
9 1.17520 1.47618 0.0300000 1.00000 2.18952
10 0.449788 0.557916 0.0300000 1.00000 2.18952
92
1 2.89449 0.335397 0.0300000 1.00000 2.18952
2 0.613460 0.972341 0.0300000 1.00000 2.18952
3 0.600088 0.994281 0.0300000 1.00000 2.18952
4 1.14929 0.722287 0.0300000 1.00000 2.18952
5 0.479942 1.02248 0.0300000 1.00000 2.18952
6 2.09392 0.640049 0.0300000 1.00000 2.18952
7 2.22470 3.06807 0.0300000 1.00000 2.18952
8 2.99324 0.676867 0.0300000 1.00000 2.18952
9 1.15780 1.50061 0.0300000 1.00000 2.18952
10 0.432388 0.582355 0.0300000 1.00000 2.18952
93
1 2.87709 0.359835 0.0300000 1.00000 2.18952
2 0.596061 0.996780 0.0300000 1.00000 2.18952
3 0.582688 1.01872 0.0300000 1.00000 2.18952
4 1.13189 0.746725 0.0300000 1.00000 2.18952
5 0.462542 1.04692 0.0300000 1.00000 2.18952
6 2.07652 0.664488 0.0300000 1.00000 2.18952
7 2.20730 3.09251 0.0300000 1.00000 2.18952
8 2.97584 0.701305 0.0300000 1.00000 2.18952
9 1.14040 1.52505 0.0300000 1.00000 2.18952
10 0.414989 0.606793 0.0300000 1.00000 2.18952
94
1 2.85969 0.384274 0.0300000 1.00000 2.18952
2 0.578661 1.02122 0.0300000 1.00000 2.18952
3 0.565289 1.04316 0.0300000 1.00000 2.18952
4 1.11449 0.771164 0.0300000 1.00000 2.18952
5 0.445142 1.07135 0.0300000 1.00000 2.18952
6 2.05912 0.688926 0.0300000 1.00000 2.18952
7 2.18990 0.0169498 0.0300000 1.00000 2.18952
8 2.95844 0.725744 0.0300000 1.00000 2.18952
9 1.12300 1.54949 0.0300000 1.00000 2.18952
10 0.397589 0.631232 0.0300000 1.00000 2.18952
95
1 2.84229 0.408713 0.0300000 1.00000 2.18952
2 0.561261 1.04566 0.0300000 1.00000 2.18952
3 0.547889 1.06760 0.0300000 1.00000 2.18952
4 1.09709 0.795603 0.0300000 1.00000 2.18952
5 0.427743 1.09579 0.0300000 1.00000 2.18952
6 2.04172 0.713365 0.0300000 1.00000 2.18952
7 2.17250 0.0413884 0.0300000 1.00000 2.18952
8 2.94104 0.750182 0.0300000 1.00000 2.18952
9 1.10560 1.57393 0.0300000 1.00000 2.18952
10 0.380189 0.655670 0.0300000 1.00000 2.18952
96
1 2.82489 0.433151 0.0300000 1.00000 2.18952
2 0.543861 1.07010 0.0300000 1.00000 2.18952
3 0.530489 1.09204 0.0300000 1.00000 2.18952
4 1.07969 0.820041 0.0300000 1.00000 2.18952
5 0.410343 1.12023 0.0300000 1.00000 2.18952
6 2.02432 0.737804 0.0300000 1.00000 2.18952
7 2.15510 0.0658270 0.0300000 1.00000 2.18952
8 2.92364 0.774621 0.0300000 1.00000 2.18952
9 1.08820 1.59837 0.0300000 1.00000 2.18952
10 0.362789 0.680109 0.0300000 1.00000 2.18952
97
1 2.80749 0.457590 0.0300000 1.00000 2.18952
2 0.526461 1.09453 0.0300000 1.00000 2.18952
3 0.513089 1.11647 0.0300000 1.00000 2.18952
4 1.06229 0.844480 0.0300000 1.00000 2.18952
5 0.392943 1.14467 0.0300000 1.00000 2.18952
6 2.00692 0.762242 0.0300000 1.00000 2.18952
7 2.13770 0.0902656 0.0300000 1.00000 2.18952
8 2.90624 0.799060 0.0300000 1.00000 2.18952
9 1.07080 1.62281 0.0300000 1.00000 2.18952
10 0.345389 0.704548 0.0300000 1.00000 2.18952
98
1 2.79009 0.482028 0.0300000 1.00000 2.18952
2 0.509061 1.11897 0.0300000 1.00000 2.18952
3 0.495689 1.14091 0.0300000 1.00000 2.18952
4 1.04489 0.868918 0.0300000 1.00000 2.18952
5 0.375543 1.16911 0.0300000 1.00000 2.18952
6 1.98952 0.786681 0.0300000 1.00000 2.18952
7 2.12030 0.114704 0.0300000 1.00000 2.18952
8 2.88884 0.823498 0.0300000 1.00000 2.18952
9 1.05340 1.64725 0.0300000 1.00000 2.18952
10 0.327989 0.728986 0.0300000 1.00000 2.18952
99
1 2.77269 0.506467 0.0300000 1.00000 2.18952
2 0.491661 1.14341 0.0300000 1.00000 2.18952
3 0.478289 1.16535 0.0300000 1.00000 2.18952
4 1.02749 0.893357 0.0300000 1.00000 2.18952
5 0.358143 1.19355 0.0300000 1.00000 2.18952
6 1.97212 0.811119 0.0300000 1.00000 2.18952
7 2.10290 0.139143 0.0300000 1.00000 2.18952
8 2.87144 0.847937 0.0300000 1.00000 2.18952
9 1.03600 1.67168 0.0300000 1.00000 2.18952
10 0.310589 0.753425 0.0300000 1.00000 2.18952
