0
1 0.575070 1.30299 0.0300000 1.00000 -2.59501
2 2.20258 2.69219 0.0300000 1.00000 2.30823
3 1.04490 2.10967 0.0300000 1.00000 3.02468
4 1.51950 2.33419 0.0300000 1.00000 3.02468
5 1.62769 2.46526 0.0300000 1.00000 3.02468
6 0.293112 0.252292 0.0300000 1.00000 -2.69186
7 1.07408 0.382577 0.0300000 1.00000 -2.99200
8 2.17326 1.48299 0.0300000 1.00000 2.35665
9 1.19170 0.635319 0.0300000 1.00000 -2.99200
10 0.712008 2.77065 0.0300000 1.00000 -2.28757
11 1.33209 0.870874 0.0300000 1.00000 -2.99200
12 0.628952 2.92295 0.0300000 1.00000 -2.28757
13 2.18283 2.59928 0.0300000 1.00000 2.30823
14 2.87579 2.21040 0.0300000 1.00000 2.30823
15 2.93808 1.26334 0.0300000 1.00000 2.35665
16 0.474877 1.06071 0.0300000 1.00000 -2.59501
17 2.68839 1.95437 0.0300000 1.00000 2.35665
18 0.0720914 0.265235 0.0300000 1.00000 -2.69186
19 0.373217 1.44821 0.0300000 1.00000 -2.59501
20 2.22613 2.70565 0.0300000 1.00000 2.30823
1
1 0.549441 1.28739 0.0300000 1.00000 -2.80757
2 2.18241 2.71439 0.0300000 1.00000 2.53284
3 1.01510 2.11317 0.0300000 1.00000 2.94170
4 1.48970 2.33769 0.0300000 1.00000 2.94170
5 1.59789 2.46876 0.0300000 1.00000 2.94170
6 0.266095 0.239251 0.0300000 1.00000 -2.76773
7 1.04442 0.378106 0.0300000 1.00000 -3.06184
8 2.15204 1.50419 0.0300000 1.00000 2.70774
9 1.16203 0.630848 0.0300000 1.00000 -3.06184
10 0.692300 2.74803 0.0300000 1.00000 -2.76427
11 1.30243 0.866403 0.0300000 1.00000 -3.06184
12 0.609243 2.90033 0.0300000 1.00000 -2.76427
13 2.16266 2.62148 0.0300000 1.00000 2.53284
14 2.85562 2.23261 0.0300000 1.00000 2.53284
15 2.91686 1.28454 0.0300000 1.00000 2.70774
16 0.449248 1.04512 0.0300000 1.00000 -2.80757
17 2.66717 1.97558 0.0300000 1.00000 2.70774
18 0.0450745 0.252193 0.0300000 1.00000 -2.76773
19 0.347588 1.43262 0.0300000 1.00000 -2.80757
20 2.20596 2.72786 0.0300000 1.00000 2.53284
2
1 0.521099 1.27756 0.0300000 1.00000 -2.97542
2 2.15780 2.73155 0.0300000 1.00000 2.68159
3 0.985698 2.11913 0.0300000 1.00000 -2.99531
4 1.46030 2.34365 0.0300000 1.00000 2.96570
5 1.56849 2.47472 0.0300000 1.00000 2.96570
6 0.238167 0.228294 0.0300000 1.00000 -2.89278
7 1.01451 0.375716 0.0300000 1.00000 -3.07522
8 2.12482 1.51680 0.0300000 1.00000 2.81531
9 1.13213 0.628457 0.0300000 1.00000 -3.07522
10 0.664410 2.73698 0.0300000 1.00000 -2.99531
11 1.27252 0.864013 0.0300000 1.00000 -3.07522
12 0.581353 2.88928 0.0300000 1.00000 -2.99531
13 2.13805 2.63864 0.0300000 1.00000 2.68159
14 2.83101 2.24976 0.0300000 1.00000 2.68159
15 2.88964 1.29715 0.0300000 1.00000 2.81531
16 0.420906 1.03528 0.0300000 1.00000 -2.97542
17 2.63995 1.98819 0.0300000 1.00000 2.81531
18 0.0171468 0.241237 0.0300000 1.00000 -2.89278
19 0.319246 1.42278 0.0300000 1.00000 -2.97542
20 2.18134 2.74501 0.0300000 1.00000 2.68159
3
1 0.491512 1.27260 0.0300000 1.00000 -3.04252
2 2.13092 2.74487 0.0300000 1.00000 2.78919
3 0.956018 2.11475 0.0300000 1.00000 -3.06782
4 1.43077 2.34890 0.0300000 1.00000 2.99232
5 1.53895 2.47997 0.0300000 1.00000 2.99232
6 0.209091 0.220907 0.0300000 1.00000 -2.99219
7 0.984578 0.373726 0.0300000 1.00000 -2.99219
8 2.09640 1.52642 0.0300000 1.00000 2.86455
9 1.10219 0.626468 0.0300000 1.00000 -3.12053
10 0.634730 2.73260 0.0300000 1.00000 -3.06782
11 1.24259 0.862024 0.0300000 1.00000 -3.12053
12 0.551674 2.88490 0.0300000 1.00000 -3.06782
13 2.11117 2.65196 0.0300000 1.00000 2.78919
14 2.80413 2.26308 0.0300000 1.00000 2.78919
15 2.86122 1.30677 0.0300000 1.00000 2.86455
16 0.391319 1.03032 0.0300000 1.00000 -3.04252
17 2.61153 1.99780 0.0300000 1.00000 2.86455
18 3.08807 0.233849 0.0300000 1.00000 -2.99219
19 0.289659 1.41782 0.0300000 1.00000 -3.04252
20 2.15446 2.75833 0.0300000 1.00000 2.78919
4
1 0.461659 1.26963 0.0300000 1.00000 -3.09468
2 2.10276 2.75522 0.0300000 1.00000 2.85939
3 0.926100 2.11254 0.0300000 1.00000 -3.12414
4 1.40110 2.35336 0.0300000 1.00000 2.98985
5 1.50929 2.48443 0.0300000 1.00000 2.98985
6 0.179425 0.216441 0.0300000 1.00000 -3.05042
7 0.954912 0.369261 0.0300000 1.00000 -3.05042
8 2.06755 1.53462 0.0300000 1.00000 2.94532
9 1.07220 0.625836 0.0300000 1.00000 3.13835
10 0.604812 2.73039 0.0300000 1.00000 -3.12414
11 1.21259 0.861392 0.0300000 1.00000 3.13835
12 0.521755 2.88269 0.0300000 1.00000 -3.12414
13 2.08301 2.66231 0.0300000 1.00000 2.85939
14 2.77597 2.27344 0.0300000 1.00000 2.85939
15 2.83236 1.31497 0.0300000 1.00000 2.94532
16 0.361466 1.02735 0.0300000 1.00000 -3.05042
17 2.58267 2.00601 0.0300000 1.00000 2.94532
18 3.05840 0.229384 0.0300000 1.00000 3.03482
19 0.259807 1.41485 0.0300000 1.00000 -3.09468
20 2.12631 2.76868 0.0300000 1.00000 2.85939
5
1 0.431692 1.26822 0.0300000 1.00000 -3.13236
2 2.07395 2.76357 0.0300000 1.00000 2.91702
3 0.896104 2.11202 0.0300000 1.00000 3.11920
4 1.37144 2.35790 0.0300000 1.00000 3.00757
5 1.47963 2.48897 0.0300000 1.00000 3.00757
6 0.149550 0.213710 0.0300000 1.00000 -3.09004
7 0.925037 0.366530 0.0300000 1.00000 -3.09004
8 2.03812 1.54047 0.0300000 1.00000 2.96364
9 1.04220 0.625933 0.0300000 1.00000 3.11128
10 0.574817 2.72987 0.0300000 1.00000 3.11920
11 1.18259 0.861489 0.0300000 1.00000 3.11128
12 0.491760 2.88217 0.0300000 1.00000 3.11920
13 2.05420 2.67066 0.0300000 1.00000 2.91702
14 2.74716 2.28179 0.0300000 1.00000 2.91702
15 2.80294 1.32082 0.0300000 1.00000 2.96364
16 0.331591 1.02462 0.0300000 1.00000 -3.09004
17 2.55325 2.01186 0.0300000 1.00000 2.96364
18 3.02858 0.232581 0.0300000 1.00000 3.02454
19 0.229840 1.41345 0.0300000 1.00000 -3.13236
20 2.09749 2.77704 0.0300000 1.00000 2.91702
6
1 0.401694 1.26795 0.0300000 1.00000 3.09701
2 2.04470 2.77025 0.0300000 1.00000 2.95268
3 0.866112 2.11269 0.0300000 1.00000 3.06172
4 1.34171 2.36190 0.0300000 1.00000 3.01663
5 1.44990 2.49298 0.0300000 1.00000 3.01663
6 0.119590 0.212164 0.0300000 1.00000 3.13350
7 0.895076 0.364984 0.0300000 1.00000 3.13350
8 2.00860 1.54578 0.0300000 1.00000 3.05300
9 1.01222 0.626842 0.0300000 1.00000 3.09270
10 0.544824 2.73054 0.0300000 1.00000 3.06172
11 1.15261 0.862398 0.0300000 1.00000 3.09270
12 0.461767 2.88284 0.0300000 1.00000 3.06172
13 2.02495 2.67735 0.0300000 1.00000 3.01663
14 2.71791 2.28847 0.0300000 1.00000 2.95268
15 2.77341 1.32613 0.0300000 1.00000 2.98506
16 0.301631 1.02307 0.0300000 1.00000 3.13350
17 2.52372 2.01717 0.0300000 1.00000 2.98506
18 2.99878 0.236085 0.0300000 1.00000 3.02298
19 0.199841 1.41317 0.0300000 1.00000 3.09701
20 2.06825 2.78372 0.0300000 1.00000 2.95268
7
1 0.371723 1.26928 0.0300000 1.00000 3.06805
2 2.01523 2.77589 0.0300000 1.00000 3.02216
3 0.836208 2.11508 0.0300000 1.00000 3.04348
4 1.31195 2.36564 0.0300000 1.00000 3.02216
5 1.42013 2.49671 0.0300000 1.00000 3.02216
6 0.0895907 0.212407 0.0300000 1.00000 3.10412
7 0.865077 0.365227 0.0300000 1.00000 3.10412
8 1.97871 1.54844 0.0300000 1.00000 3.04596
9 0.982251 0.628309 0.0300000 1.00000 3.10412
10 0.514920 2.73293 0.0300000 1.00000 3.04348
11 1.12264 0.863864 0.0300000 1.00000 3.07511
12 0.431863 2.88524 0.0300000 1.00000 3.04348
13 1.99518 2.68108 0.0300000 1.00000 3.02216
14 2.68844 2.29410 0.0300000 1.00000 2.99234
15 2.74378 1.33081 0.0300000 1.00000 3.00424
16 0.271632 1.02332 0.0300000 1.00000 3.10412
17 2.49409 2.02185 0.0300000 1.00000 3.00424
18 2.96899 0.239635 0.0300000 1.00000 3.02776
19 0.169871 1.41451 0.0300000 1.00000 3.06805
20 2.03878 2.78935 0.0300000 1.00000 2.99234
8
1 0.341804 1.27149 0.0300000 1.00000 3.05532
2 1.98545 2.77946 0.0300000 1.00000 3.02816
3 0.806352 2.11802 0.0300000 1.00000 3.03577
4 1.28216 2.36922 0.0300000 1.00000 3.02816
5 1.39035 2.50029 0.0300000 1.00000 3.02816
6 0.0596117 0.213531 0.0300000 1.00000 3.08421
7 0.835098 0.366351 0.0300000 1.00000 3.08421
8 1.94885 1.55130 0.0300000 1.00000 3.04568
9 0.952272 0.629433 0.0300000 1.00000 3.08421
10 0.485064 2.73587 0.0300000 1.00000 3.03577
11 1.09271 0.865858 0.0300000 1.00000 3.06454
12 0.402007 2.88817 0.0300000 1.00000 3.03577
13 1.96540 2.68466 0.0300000 1.00000 3.02816
14 2.65878 2.29857 0.0300000 1.00000 3.01419
15 2.71406 1.33492 0.0300000 1.00000 3.02096
16 0.241653 1.02444 0.0300000 1.00000 3.08421
17 2.46437 2.02595 0.0300000 1.00000 3.02096
18 2.93919 0.243042 0.0300000 1.00000 3.03146
19 0.139952 1.41671 0.0300000 1.00000 3.05532
20 2.00911 2.79381 0.0300000 1.00000 3.02816
9
1 0.311916 1.27407 0.0300000 1.00000 3.05036
2 1.95564 2.78286 0.0300000 1.00000 3.03290
3 0.776520 2.12119 0.0300000 1.00000 3.03677
4 1.25235 2.37261 0.0300000 1.00000 3.03290
5 1.36054 2.50368 0.0300000 1.00000 3.03290
6 0.0296611 0.215251 0.0300000 1.00000 3.06971
7 0.805148 0.368071 0.0300000 1.00000 3.06971
8 1.91899 1.55418 0.0300000 1.00000 3.04467
9 0.922322 0.631153 0.0300000 1.00000 3.06971
10 0.455232 2.73904 0.0300000 1.00000 3.03677
11 1.06280 0.868167 0.0300000 1.00000 3.05737
12 0.372175 2.89134 0.0300000 1.00000 3.03677
13 1.93559 2.68805 0.0300000 1.00000 3.03290
14 2.62902 2.30238 0.0300000 1.00000 3.02696
15 2.68428 1.33853 0.0300000 1.00000 3.03078
16 0.211702 1.02616 0.0300000 1.00000 3.06971
17 2.43459 2.02956 0.0300000 1.00000 3.03078
18 2.90937 0.246340 0.0300000 1.00000 3.03672
19 0.110063 1.41930 0.0300000 1.00000 3.05036
20 1.97931 2.79721 0.0300000 1.00000 3.03290
10
1 0.282041 1.27681 0.0300000 1.00000 3.04727
2 1.92582 2.78611 0.0300000 1.00000 3.03634
3 0.746684 2.12433 0.0300000 1.00000 3.03820
4 1.22253 2.37587 0.0300000 1.00000 3.03634
5 1.33072 2.50694 0.0300000 1.00000 3.03634
6 3.09974 0.217406 0.0300000 1.00000 3.06020
7 0.775225 0.370226 0.0300000 1.00000 3.06020
8 1.88913 1.55708 0.0300000 1.00000 3.04408
9 0.892399 0.633308 0.0300000 1.00000 3.06020
10 0.425397 2.74218 0.0300000 1.00000 3.03820
11 1.03291 0.870691 0.0300000 1.00000 3.05272
12 0.342340 2.89448 0.0300000 1.00000 3.03820
13 1.90577 2.69131 0.0300000 1.00000 3.03634
14 2.59922 2.30581 0.0300000 1.00000 3.03308
15 2.65447 1.34184 0.0300000 1.00000 3.03562
16 0.181780 1.02832 0.0300000 1.00000 3.06020
17 2.40477 2.03288 0.0300000 1.00000 3.03562
18 2.87953 0.249480 0.0300000 1.00000 3.04006
19 0.0801881 1.42203 0.0300000 1.00000 3.04727
20 1.94948 2.80046 0.0300000 1.00000 3.03634
11
1 0.252174 1.27963 0.0300000 1.00000 3.04455
2 1.89598 2.78926 0.0300000 1.00000 3.03851
3 0.716845 2.12743 0.0300000 1.00000 3.03954
4 1.19270 2.37902 0.0300000 1.00000 3.03851
5 1.30088 2.51009 0.0300000 1.00000 3.03851
6 3.06984 0.219845 0.0300000 1.00000 3.04311
7 0.745325 0.372665 0.0300000 1.00000 3.05313
8 1.85927 1.56000 0.0300000 1.00000 3.04364
9 0.862499 0.635747 0.0300000 1.00000 3.05313
10 0.395557 2.74528 0.0300000 1.00000 3.03954
11 1.00302 0.873353 0.0300000 1.00000 3.05313
12 0.312500 2.89758 0.0300000 1.00000 3.03954
13 1.87593 2.69446 0.0300000 1.00000 3.03851
14 2.56939 2.30906 0.0300000 1.00000 3.03667
15 2.62463 1.34502 0.0300000 1.00000 3.03912
16 0.151879 1.03075 0.0300000 1.00000 3.05313
17 2.37494 2.03605 0.0300000 1.00000 3.03912
18 2.84969 0.252521 0.0300000 1.00000 3.04311
19 0.0503214 1.42485 0.0300000 1.00000 3.04455
20 1.91965 2.80362 0.0300000 1.00000 3.03851
12
1 0.222315 1.28254 0.0300000 1.00000 3.04376
2 1.86614 2.79235 0.0300000 1.00000 3.03992
3 0.687001 2.13048 0.0300000 1.00000 3.04036
4 1.16286 2.38211 0.0300000 1.00000 3.03992
5 1.27104 2.51318 0.0300000 1.00000 3.03992
6 3.03998 0.222795 0.0300000 1.00000 3.04162
7 0.715442 0.375315 0.0300000 1.00000 3.04932
8 1.82942 1.56293 0.0300000 1.00000 3.04288
9 0.832616 0.638397 0.0300000 1.00000 3.04932
10 0.365713 2.74833 0.0300000 1.00000 3.04036
11 0.973142 0.876004 0.0300000 1.00000 3.04932
12 0.282656 2.90063 0.0300000 1.00000 3.04036
13 1.84609 2.69755 0.0300000 1.00000 3.03992
14 2.53956 2.31220 0.0300000 1.00000 3.03901
15 2.59479 1.34809 0.0300000 1.00000 3.03976
16 0.121996 1.03340 0.0300000 1.00000 3.04932
17 2.34510 2.03912 0.0300000 1.00000 3.03976
18 2.81983 0.255470 0.0300000 1.00000 3.04162
19 0.0204626 1.42776 0.0300000 1.00000 3.04376
20 1.88981 2.80670 0.0300000 1.00000 3.03992
13
1 0.192459 1.28547 0.0300000 1.00000 3.04322
2 1.83630 2.79540 0.0300000 1.00000 3.04126
3 0.657154 2.13352 0.0300000 1.00000 3.04170
4 1.13301 2.38515 0.0300000 1.00000 3.04126
5 1.24120 2.51622 0.0300000 1.00000 3.04126
6 3.01013 0.225789 0.0300000 1.00000 3.04113
7 0.685570 0.378079 0.0300000 1.00000 3.04682
8 1.79956 1.56589 0.0300000 1.00000 3.04251
9 0.802743 0.641162 0.0300000 1.00000 3.04682
10 0.335866 2.75136 0.0300000 1.00000 3.04170
11 0.943269 0.878768 0.0300000 1.00000 3.04682
12 0.252810 2.90367 0.0300000 1.00000 3.04170
13 1.81625 2.70059 0.0300000 1.00000 3.04126
14 2.50972 2.31527 0.0300000 1.00000 3.04011
15 2.56495 1.35114 0.0300000 1.00000 3.04039
16 0.0921239 1.03617 0.0300000 1.00000 3.04322
17 2.31526 2.04217 0.0300000 1.00000 3.04039
18 2.78998 0.258464 0.0300000 1.00000 3.04113
19 3.09061 1.43069 0.0300000 1.00000 3.04322
20 1.85996 2.80975 0.0300000 1.00000 3.04126
14
1 0.162604 1.28841 0.0300000 1.00000 3.04291
2 1.80645 2.79840 0.0300000 1.00000 3.04163
3 0.627304 2.13651 0.0300000 1.00000 3.04185
4 1.10316 2.38816 0.0300000 1.00000 3.04163
5 1.21135 2.51923 0.0300000 1.00000 3.04163
6 2.98028 0.228798 0.0300000 1.00000 3.04146
7 0.655704 0.380918 0.0300000 1.00000 3.04490
8 1.76971 1.56886 0.0300000 1.00000 3.04236
9 0.772878 0.644001 0.0300000 1.00000 3.04490
10 0.306016 2.75436 0.0300000 1.00000 3.04185
11 0.913404 0.881607 0.0300000 1.00000 3.04490
12 0.222959 2.90666 0.0300000 1.00000 3.04185
13 1.78640 2.70360 0.0300000 1.00000 3.04163
14 2.47987 2.31831 0.0300000 1.00000 3.04129
15 2.53510 1.35417 0.0300000 1.00000 3.04126
16 0.0622689 1.03912 0.0300000 1.00000 3.04291
17 2.28541 2.04520 0.0300000 1.00000 3.04126
18 2.76013 0.261473 0.0300000 1.00000 3.04146
19 3.06075 1.43364 0.0300000 1.00000 3.04126
20 1.83011 2.81275 0.0300000 1.00000 3.04163
15
1 0.132750 1.29137 0.0300000 1.00000 3.04261
2 1.77660 2.80140 0.0300000 1.00000 3.04180
3 0.597453 2.13949 0.0300000 1.00000 3.04199
4 1.07331 2.39115 0.0300000 1.00000 3.04180
5 1.18150 2.52222 0.0300000 1.00000 3.04180
6 2.95043 0.231797 0.0300000 1.00000 3.04151
7 0.625844 0.383815 0.0300000 1.00000 3.04381
8 1.73986 1.57183 0.0300000 1.00000 3.04223
9 0.743018 0.646897 0.0300000 1.00000 3.04381
10 0.276165 2.75734 0.0300000 1.00000 3.04199
11 0.883544 0.884503 0.0300000 1.00000 3.04381
12 0.193108 2.90965 0.0300000 1.00000 3.04199
13 1.75655 2.70659 0.0300000 1.00000 3.04180
14 2.45002 2.32132 0.0300000 1.00000 3.04156
15 2.50525 1.35717 0.0300000 1.00000 3.04154
16 0.0324149 1.04207 0.0300000 1.00000 3.04261
17 2.25556 2.04821 0.0300000 1.00000 3.04154
18 2.73028 0.264472 0.0300000 1.00000 3.04151
19 3.03090 1.43664 0.0300000 1.00000 3.04154
20 1.80026 2.81575 0.0300000 1.00000 3.04180
16
1 0.102897 1.29433 0.0300000 1.00000 3.04242
2 1.74675 2.80438 0.0300000 1.00000 3.04191
3 0.567602 2.14248 0.0300000 1.00000 3.04204
4 1.04346 2.39414 0.0300000 1.00000 3.04191
5 1.15165 2.52521 0.0300000 1.00000 3.04191
6 2.92058 0.234794 0.0300000 1.00000 3.04165
7 0.595988 0.386743 0.0300000 1.00000 3.04315
8 1.71000 1.57481 0.0300000 1.00000 3.04215
9 0.713162 0.649826 0.0300000 1.00000 3.04315
10 0.246314 2.76033 0.0300000 1.00000 3.04204
11 0.853687 0.887432 0.0300000 1.00000 3.04315
12 0.163257 2.91263 0.0300000 1.00000 3.04204
13 1.72670 2.70958 0.0300000 1.00000 3.04191
14 2.42017 2.32431 0.0300000 1.00000 3.04174
15 2.47540 1.36017 0.0300000 1.00000 3.04170
16 0.00256171 1.04504 0.0300000 1.00000 3.04242
17 2.22571 2.05121 0.0300000 1.00000 3.04170
18 2.70043 0.267469 0.0300000 1.00000 3.04165
19 3.00105 1.43964 0.0300000 1.00000 3.04170
20 1.77041 2.81874 0.0300000 1.00000 3.04191
17
1 0.0730440 1.29730 0.0300000 1.00000 3.04229
2 1.71690 2.80737 0.0300000 1.00000 3.04197
3 0.537750 2.14546 0.0300000 1.00000 3.04206
4 1.01361 2.39713 0.0300000 1.00000 3.04197
5 1.12180 2.52820 0.0300000 1.00000 3.04197
6 2.89073 0.237788 0.0300000 1.00000 3.04176
7 0.566133 0.389692 0.0300000 1.00000 3.04274
8 1.68015 1.57779 0.0300000 1.00000 3.04211
9 0.683307 0.652774 0.0300000 1.00000 3.04274
10 0.216462 2.76331 0.0300000 1.00000 3.04206
11 0.823833 0.890380 0.0300000 1.00000 3.04274
12 0.133406 2.91561 0.0300000 1.00000 3.04206
13 1.69685 2.71257 0.0300000 1.00000 3.04197
14 2.39032 2.32730 0.0300000 1.00000 3.04185
15 2.44555 1.36316 0.0300000 1.00000 3.04182
16 3.07271 1.04801 0.0300000 1.00000 3.04229
17 2.19586 2.05420 0.0300000 1.00000 3.04182
18 2.67058 0.270463 0.0300000 1.00000 3.04176
19 2.97120 1.44263 0.0300000 1.00000 3.04182
20 1.74056 2.82172 0.0300000 1.00000 3.04197
18
1 0.0431918 1.30028 0.0300000 1.00000 3.04220
2 1.68704 2.81035 0.0300000 1.00000 3.04200
3 0.507899 2.14844 0.0300000 1.00000 3.04204
4 0.983758 2.40011 0.0300000 1.00000 3.04204
5 1.09194 2.53118 0.0300000 1.00000 3.04200
6 2.86088 0.240778 0.0300000 1.00000 3.04191
7 0.536279 0.392653 0.0300000 1.00000 3.04253
8 1.65030 1.58076 0.0300000 1.00000 3.04209
9 0.653453 0.655735 0.0300000 1.00000 3.04253
10 0.186611 2.76629 0.0300000 1.00000 3.04204
11 0.793979 0.893341 0.0300000 1.00000 3.04253
12 0.103554 2.91859 0.0300000 1.00000 3.04204
13 1.66700 2.71555 0.0300000 1.00000 3.04200
14 2.36047 2.33029 0.0300000 1.00000 3.04196
15 2.41570 1.36615 0.0300000 1.00000 3.04193
16 3.04286 1.05098 0.0300000 1.00000 3.04193
17 2.16601 2.05719 0.0300000 1.00000 3.04193
18 2.64073 0.273453 0.0300000 1.00000 3.04191
19 2.94135 1.44562 0.0300000 1.00000 3.04193
20 1.71071 2.82471 0.0300000 1.00000 3.04200
19
1 0.0133398 1.30325 0.0300000 1.00000 3.04216
2 1.65719 2.81334 0.0300000 1.00000 3.04201
3 0.478047 2.15142 0.0300000 1.00000 3.04205
4 0.953906 2.40309 0.0300000 1.00000 3.04205
5 1.06209 2.53416 0.0300000 1.00000 3.04201
6 2.83103 0.243763 0.0300000 1.00000 3.04194
7 0.506426 0.395620 0.0300000 1.00000 3.04237
8 1.62045 1.58374 0.0300000 1.00000 3.04208
9 0.623600 0.658702 0.0300000 1.00000 3.04237
10 0.156759 2.76927 0.0300000 1.00000 3.04205
11 0.764126 0.896308 0.0300000 1.00000 3.04237
12 0.0737026 2.92157 0.0300000 1.00000 3.04205
13 1.63714 2.71853 0.0300000 1.00000 3.04201
14 2.33062 2.33327 0.0300000 1.00000 3.04198
15 2.38585 1.36913 0.0300000 1.00000 3.04196
16 3.01301 1.05396 0.0300000 1.00000 3.04196
17 2.13616 2.06017 0.0300000 1.00000 3.04196
18 2.61088 0.276438 0.0300000 1.00000 3.04194
19 2.91150 1.44860 0.0300000 1.00000 3.04196
20 1.68086 2.82769 0.0300000 1.00000 3.04201
20
1 3.08349 1.30623 0.0300000 1.00000 3.04212
2 1.62734 2.81632 0.0300000 1.00000 3.04202
3 0.448196 2.15440 0.0300000 1.00000 3.04204
4 0.924055 2.40607 0.0300000 1.00000 3.04204
5 1.03224 2.53715 0.0300000 1.00000 3.04202
6 2.80118 0.246748 0.0300000 1.00000 3.04197
7 0.476574 0.398591 0.0300000 1.00000 3.04227
8 1.59060 1.58673 0.0300000 1.00000 3.04206
9 0.593748 0.661674 0.0300000 1.00000 3.04227
10 0.126908 2.77225 0.0300000 1.00000 3.04204
11 0.734274 0.899280 0.0300000 1.00000 3.04227
12 0.0438512 2.92455 0.0300000 1.00000 3.04204
13 1.60729 2.72152 0.0300000 1.00000 3.04202
14 2.30077 2.33626 0.0300000 1.00000 3.04199
15 2.35600 1.37212 0.0300000 1.00000 3.04199
16 2.98315 1.05695 0.0300000 1.00000 3.04199
17 2.10631 2.06315 0.0300000 1.00000 3.04199
18 2.58103 0.279423 0.0300000 1.00000 3.04197
19 2.88165 1.45159 0.0300000 1.00000 3.04199
20 1.65101 2.83067 0.0300000 1.00000 3.04202
21
1 3.05364 1.30921 0.0300000 1.00000 3.04201
2 1.59749 2.81930 0.0300000 1.00000 3.04203
3 0.418344 2.15738 0.0300000 1.00000 3.04204
4 0.894203 2.40905 0.0300000 1.00000 3.04204
5 1.00239 2.54013 0.0300000 1.00000 3.04204
6 2.77133 0.249731 0.0300000 1.00000 3.04201
7 0.446722 0.401566 0.0300000 1.00000 3.04222
8 1.56075 1.58971 0.0300000 1.00000 3.04206
9 0.563896 0.664648 0.0300000 1.00000 3.04222
10 0.0970564 2.77523 0.0300000 1.00000 3.04204
11 0.704422 0.902255 0.0300000 1.00000 3.04222
12 0.0139997 2.92754 0.0300000 1.00000 3.04204
13 1.57744 2.72450 0.0300000 1.00000 3.04203
14 2.27092 2.33924 0.0300000 1.00000 3.04202
15 2.32615 1.37510 0.0300000 1.00000 3.04201
16 2.95330 1.05993 0.0300000 1.00000 3.04201
17 2.07645 2.06614 0.0300000 1.00000 3.04201
18 2.55118 0.282406 0.0300000 1.00000 3.04201
19 2.85180 1.45457 0.0300000 1.00000 3.04201
20 1.62116 2.83365 0.0300000 1.00000 3.04203
22
1 3.02378 1.31219 0.0300000 1.00000 3.04202
2 1.56764 2.82228 0.0300000 1.00000 3.04203
3 0.388493 2.16037 0.0300000 1.00000 3.04203
4 0.864352 2.41204 0.0300000 1.00000 3.04203
5 0.972539 2.54311 0.0300000 1.00000 3.04203
6 2.74148 0.252714 0.0300000 1.00000 3.04202
7 0.416870 0.404543 0.0300000 1.00000 3.04218
8 1.53089 1.59269 0.0300000 1.00000 3.04205
9 0.534044 0.667625 0.0300000 1.00000 3.04218
10 0.0672049 2.77822 0.0300000 1.00000 3.04203
11 0.674570 0.905231 0.0300000 1.00000 3.04218
12 3.08415 2.93052 0.0300000 1.00000 3.04203
13 1.54759 2.72748 0.0300000 1.00000 3.04203
14 2.24107 2.34222 0.0300000 1.00000 3.04202
15 2.29629 1.37808 0.0300000 1.00000 3.04202
16 2.92345 1.06291 0.0300000 1.00000 3.04202
17 2.04660 2.06912 0.0300000 1.00000 3.04202
18 2.52133 0.285389 0.0300000 1.00000 3.04202
19 2.82195 1.45755 0.0300000 1.00000 3.04202
20 1.59131 2.83664 0.0300000 1.00000 3.04203
23
1 2.99393 1.31518 0.0300000 1.00000 3.04202
2 1.53779 2.82527 0.0300000 1.00000 3.04203
3 0.358641 2.16335 0.0300000 1.00000 3.04203
4 0.834500 2.41502 0.0300000 1.00000 3.04203
5 0.942688 2.54609 0.0300000 1.00000 3.04203
6 2.71163 0.255696 0.0300000 1.00000 3.04202
7 0.387018 0.407520 0.0300000 1.00000 3.04215
8 1.50104 1.59567 0.0300000 1.00000 3.04205
9 0.504192 0.670602 0.0300000 1.00000 3.04215
10 0.0373535 2.78120 0.0300000 1.00000 3.04203
11 0.644718 0.908208 0.0300000 1.00000 3.04215
12 3.05430 2.93350 0.0300000 1.00000 3.04203
13 1.51774 2.73046 0.0300000 1.00000 3.04203
14 2.21121 2.34520 0.0300000 1.00000 3.04203
15 2.26644 1.38107 0.0300000 1.00000 3.04202
16 2.89360 1.06590 0.0300000 1.00000 3.04202
17 2.01675 2.07210 0.0300000 1.00000 3.04203
18 2.49148 0.288371 0.0300000 1.00000 3.04202
19 2.79209 1.46054 0.0300000 1.00000 3.04202
20 1.56145 2.83962 0.0300000 1.00000 3.04203
24
1 2.96408 1.31816 0.0300000 1.00000 3.04203
2 1.50794 2.82825 0.0300000 1.00000 3.04203
3 0.328790 2.16633 0.0300000 1.00000 3.04203
4 0.804649 2.41800 0.0300000 1.00000 3.04203
5 0.912836 2.54907 0.0300000 1.00000 3.04203
6 2.68178 0.258678 0.0300000 1.00000 3.04203
7 0.357166 0.410499 0.0300000 1.00000 3.04212
8 1.47119 1.59865 0.0300000 1.00000 3.04205
9 0.474340 0.673581 0.0300000 1.00000 3.04212
10 0.00750206 2.78418 0.0300000 1.00000 3.04203
11 0.614866 0.911187 0.0300000 1.00000 3.04212
12 3.02445 2.93648 0.0300000 1.00000 3.04203
13 1.48789 2.73344 0.0300000 1.00000 3.04203
14 2.18136 2.34819 0.0300000 1.00000 3.04203
15 2.23659 1.38405 0.0300000 1.00000 3.04203
16 2.86375 1.06888 0.0300000 1.00000 3.04203
17 1.98690 2.07508 0.0300000 1.00000 3.04203
18 2.46163 0.291353 0.0300000 1.00000 3.04203
19 2.76224 1.46352 0.0300000 1.00000 3.04203
20 1.53160 2.84260 0.0300000 1.00000 3.04203
25
1 2.93423 1.32114 0.0300000 1.00000 3.04203
2 1.47809 2.83123 0.0300000 1.00000 3.04203
3 0.298938 2.16931 0.0300000 1.00000 3.04203
4 0.774798 2.42098 0.0300000 1.00000 3.04203
5 0.882985 2.55205 0.0300000 1.00000 3.04203
6 2.65192 0.261660 0.0300000 1.00000 3.04203
7 0.327314 0.413478 0.0300000 1.00000 3.04210
8 1.44134 1.60163 0.0300000 1.00000 3.04204
9 0.444488 0.676560 0.0300000 1.00000 3.04210
10 3.07765 2.78716 0.0300000 1.00000 3.04203
11 0.585014 0.914166 0.0300000 1.00000 3.04210
12 2.99459 2.93946 0.0300000 1.00000 3.04203
13 1.45804 2.73643 0.0300000 1.00000 3.04203
14 2.15151 2.35117 0.0300000 1.00000 3.04203
15 2.20674 1.38703 0.0300000 1.00000 3.04203
16 2.83390 1.07186 0.0300000 1.00000 3.04203
17 1.95705 2.07807 0.0300000 1.00000 3.04203
18 2.43177 0.294336 0.0300000 1.00000 3.04203
19 2.73239 1.46650 0.0300000 1.00000 3.04203
20 1.50175 2.84558 0.0300000 1.00000 3.04203
26
1 2.90438 1.32412 0.0300000 1.00000 3.04203
2 1.44823 2.83421 0.0300000 1.00000 3.04203
3 0.269087 2.17229 0.0300000 1.00000 3.04203
4 0.744946 2.42396 0.0300000 1.00000 3.04203
5 0.853133 2.55504 0.0300000 1.00000 3.04203
6 2.62207 0.264642 0.0300000 1.00000 3.04203
7 0.297463 0.416457 0.0300000 1.00000 3.04209
8 1.41149 1.60461 0.0300000 1.00000 3.04204
9 0.414637 0.679540 0.0300000 1.00000 3.04209
10 3.04780 2.79014 0.0300000 1.00000 3.04203
11 0.555163 0.917146 0.0300000 1.00000 3.04209
12 2.96474 2.94245 0.0300000 1.00000 3.04203
13 1.42818 2.73941 0.0300000 1.00000 3.04203
14 2.12166 2.35415 0.0300000 1.00000 3.04203
15 2.17689 1.39001 0.0300000 1.00000 3.04203
16 2.80405 1.07484 0.0300000 1.00000 3.04203
17 1.92720 2.08105 0.0300000 1.00000 3.04203
18 2.40192 0.297317 0.0300000 1.00000 3.04203
19 2.70254 1.46948 0.0300000 1.00000 3.04203
20 1.47190 2.84856 0.0300000 1.00000 3.04203
27
1 2.87453 1.32711 0.0300000 1.00000 3.04203
2 1.41838 2.83719 0.0300000 1.00000 3.04203
3 0.239236 2.17528 0.0300000 1.00000 3.04203
4 0.715095 2.42694 0.0300000 1.00000 3.04203
5 0.823282 2.55802 0.0300000 1.00000 3.04203
6 2.59222 0.267624 0.0300000 1.00000 3.04203
7 0.267611 0.419438 0.0300000 1.00000 3.04208
8 1.38164 1.60759 0.0300000 1.00000 3.04204
9 0.384785 0.682520 0.0300000 1.00000 3.04208
10 3.01795 2.79313 0.0300000 1.00000 3.04203
11 0.525311 0.920126 0.0300000 1.00000 3.04208
12 2.93489 2.94543 0.0300000 1.00000 3.04203
13 1.39833 2.74239 0.0300000 1.00000 3.04203
14 2.09181 2.35713 0.0300000 1.00000 3.04203
15 2.14704 1.39299 0.0300000 1.00000 3.04203
16 2.77419 1.07782 0.0300000 1.00000 3.04203
17 1.89735 2.08403 0.0300000 1.00000 3.04203
18 2.37207 0.300299 0.0300000 1.00000 3.04203
19 2.67269 1.47246 0.0300000 1.00000 3.04203
20 1.44205 2.85155 0.0300000 1.00000 3.04203
28
1 2.84468 1.33009 0.0300000 1.00000 3.04203
2 1.38853 2.84018 0.0300000 1.00000 3.04203
3 0.209384 2.17826 0.0300000 1.00000 3.04203
4 0.685243 2.42993 0.0300000 1.00000 3.04203
5 0.793430 2.56100 0.0300000 1.00000 3.04203
6 2.56237 0.270606 0.0300000 1.00000 3.04203
7 0.237760 0.422418 0.0300000 1.00000 3.04207
8 1.35179 1.61058 0.0300000 1.00000 3.04204
9 0.354934 0.685500 0.0300000 1.00000 3.04207
10 2.98810 2.79611 0.0300000 1.00000 3.04203
11 0.495459 0.923107 0.0300000 1.00000 3.04207
12 2.90504 2.94841 0.0300000 1.00000 3.04203
13 1.36848 2.74537 0.0300000 1.00000 3.04203
14 2.06196 2.36011 0.0300000 1.00000 3.04203
15 2.11719 1.39598 0.0300000 1.00000 3.04203
16 2.74434 1.08081 0.0300000 1.00000 3.04203
17 1.86749 2.08701 0.0300000 1.00000 3.04203
18 2.34222 0.303281 0.0300000 1.00000 3.04203
19 2.64284 1.47545 0.0300000 1.00000 3.04203
20 1.41220 2.85453 0.0300000 1.00000 3.04203
29
1 2.81482 1.33307 0.0300000 1.00000 3.04203
2 1.35868 2.84316 0.0300000 1.00000 3.04203
3 0.179533 2.18124 0.0300000 1.00000 3.04203
4 0.655392 2.43291 0.0300000 1.00000 3.04203
5 0.763579 2.56398 0.0300000 1.00000 3.04203
6 2.53252 0.273588 0.0300000 1.00000 3.04203
7 0.207908 0.425399 0.0300000 1.00000 3.04206
8 1.32193 1.61356 0.0300000 1.00000 3.04204
9 0.325082 0.688481 0.0300000 1.00000 3.04206
10 2.95824 2.79909 0.0300000 1.00000 3.04203
11 0.465608 0.926087 0.0300000 1.00000 3.04206
12 2.87519 2.95139 0.0300000 1.00000 3.04203
13 1.33863 2.74835 0.0300000 1.00000 3.04203
14 2.03211 2.36310 0.0300000 1.00000 3.04203
15 2.08733 1.39896 0.0300000 1.00000 3.04203
16 2.71449 1.08379 0.0300000 1.00000 3.04203
17 1.83764 2.08999 0.0300000 1.00000 3.04203
18 2.31237 0.306263 0.0300000 1.00000 3.04203
19 2.61299 1.47843 0.0300000 1.00000 3.04203
20 1.38235 2.85751 0.0300000 1.00000 3.04203
30
1 2.78497 1.33605 0.0300000 1.00000 3.04203
2 1.32883 2.84614 0.0300000 1.00000 3.04203
3 0.149681 2.18422 0.0300000 1.00000 3.04203
4 0.625540 2.43589 0.0300000 1.00000 3.04203
5 0.733728 2.56696 0.0300000 1.00000 3.04203
6 2.50267 0.276570 0.0300000 1.00000 3.04203
7 0.178057 0.428380 0.0300000 1.00000 3.04206
8 1.29208 1.61654 0.0300000 1.00000 3.04204
9 0.295230 0.691462 0.0300000 1.00000 3.04206
10 2.92839 2.80207 0.0300000 1.00000 3.04203
11 0.435756 0.929069 0.0300000 1.00000 3.04206
12 2.84534 2.95437 0.0300000 1.00000 3.04203
13 1.30878 2.75134 0.0300000 1.00000 3.04203
14 2.00225 2.36608 0.0300000 1.00000 3.04203
15 2.05748 1.40194 0.0300000 1.00000 3.04203
16 2.68464 1.08677 0.0300000 1.00000 3.04203
17 1.80779 2.09298 0.0300000 1.00000 3.04203
18 2.28252 0.309245 0.0300000 1.00000 3.04203
19 2.58313 1.48141 0.0300000 1.00000 3.04203
20 1.35249 2.86049 0.0300000 1.00000 3.04203
31
1 2.75512 1.33903 0.0300000 1.00000 3.04203
2 1.29898 2.84912 0.0300000 1.00000 3.04203
3 0.119830 2.18720 0.0300000 1.00000 3.04203
4 0.595689 2.43887 0.0300000 1.00000 3.04203
5 0.703876 2.56995 0.0300000 1.00000 3.04203
6 2.47282 0.279551 0.0300000 1.00000 3.04203
7 0.148205 0.431361 0.0300000 1.00000 3.04205
8 1.26223 1.61952 0.0300000 1.00000 3.04204
9 0.265379 0.694443 0.0300000 1.00000 3.04205
10 2.89854 2.80505 0.0300000 1.00000 3.04203
11 0.405905 0.932050 0.0300000 1.00000 3.04205
12 2.81549 2.95736 0.0300000 1.00000 3.04203
13 1.27893 2.75432 0.0300000 1.00000 3.04203
14 1.97240 2.36906 0.0300000 1.00000 3.04203
15 2.02763 1.40492 0.0300000 1.00000 3.04204
16 2.65479 1.08975 0.0300000 1.00000 3.04203
17 1.77794 2.09596 0.0300000 1.00000 3.04203
18 2.25267 0.312227 0.0300000 1.00000 3.04203
19 2.55328 1.48439 0.0300000 1.00000 3.04203
20 1.32264 2.86347 0.0300000 1.00000 3.04203
32
1 2.72527 1.34201 0.0300000 1.00000 3.04203
2 1.26912 2.85210 0.0300000 1.00000 3.04203
3 0.0899783 2.19019 0.0300000 1.00000 3.04203
4 0.565837 2.44185 0.0300000 1.00000 3.04203
5 0.674025 2.57293 0.0300000 1.00000 3.04203
6 2.44296 0.282533 0.0300000 1.00000 3.04203
7 0.118354 0.434343 0.0300000 1.00000 3.04204
8 1.23238 1.62250 0.0300000 1.00000 3.04204
9 0.235527 0.697425 0.0300000 1.00000 3.04204
10 2.86869 2.80803 0.0300000 1.00000 3.04203
11 0.376053 0.935031 0.0300000 1.00000 3.04204
12 2.78563 2.96034 0.0300000 1.00000 3.04203
13 1.24908 2.75730 0.0300000 1.00000 3.04203
14 1.94255 2.37204 0.0300000 1.00000 3.04203
15 1.99778 1.40790 0.0300000 1.00000 3.04204
16 2.62494 1.09273 0.0300000 1.00000 3.04203
17 1.74809 2.09894 0.0300000 1.00000 3.04203
18 2.22281 0.315209 0.0300000 1.00000 3.04203
19 2.52343 1.48737 0.0300000 1.00000 3.04203
20 1.29279 2.86645 0.0300000 1.00000 3.04203
33
1 2.69542 1.34500 0.0300000 1.00000 3.04203
2 1.23927 2.85508 0.0300000 1.00000 3.04203
3 0.0601269 2.19317 0.0300000 1.00000 3.04203
4 0.535986 2.44484 0.0300000 1.00000 3.04203
5 0.644173 2.57591 0.0300000 1.00000 3.04203
6 2.41311 0.285515 0.0300000 1.00000 3.04204
7 0.0885021 0.437324 0.0300000 1.00000 3.04204
8 1.20253 1.62548 0.0300000 1.00000 3.04204
9 0.205676 0.700406 0.0300000 1.00000 3.04204
10 2.83884 2.81102 0.0300000 1.00000 3.04203
11 0.346202 0.938013 0.0300000 1.00000 3.04204
12 2.75578 2.96332 0.0300000 1.00000 3.04203
13 1.21922 2.76028 0.0300000 1.00000 3.04203
14 1.91270 2.37502 0.0300000 1.00000 3.04203
15 1.96793 1.41088 0.0300000 1.00000 3.04204
16 2.59509 1.09572 0.0300000 1.00000 3.04203
17 1.71824 2.10192 0.0300000 1.00000 3.04203
18 2.19296 0.318190 0.0300000 1.00000 3.04204
19 2.49358 1.49036 0.0300000 1.00000 3.04203
20 1.26294 2.86944 0.0300000 1.00000 3.04203
34
1 2.66557 1.34798 0.0300000 1.00000 3.04204
2 1.20942 2.85807 0.0300000 1.00000 3.04203
3 0.0302754 2.19615 0.0300000 1.00000 3.04204
4 0.506135 2.44782 0.0300000 1.00000 3.04204
5 0.614322 2.57889 0.0300000 1.00000 3.04204
6 2.38326 0.288497 0.0300000 1.00000 3.04204
7 0.0586506 0.440306 0.0300000 1.00000 3.04204
8 1.17268 1.62847 0.0300000 1.00000 3.04204
9 0.175825 0.703388 0.0300000 1.00000 3.04204
10 2.80899 2.81400 0.0300000 1.00000 3.04203
11 0.316350 0.940994 0.0300000 1.00000 3.04204
12 2.72593 2.96630 0.0300000 1.00000 3.04203
13 1.18937 2.76326 0.0300000 1.00000 3.04203
14 1.88285 2.37801 0.0300000 1.00000 3.04203
15 1.93808 1.41387 0.0300000 1.00000 3.04204
16 2.56523 1.09870 0.0300000 1.00000 3.04204
17 1.68839 2.10490 0.0300000 1.00000 3.04203
18 2.16311 0.321172 0.0300000 1.00000 3.04204
19 2.46373 1.49334 0.0300000 1.00000 3.04204
20 1.23309 2.87242 0.0300000 1.00000 3.04203
35
1 2.63572 1.35096 0.0300000 1.00000 3.04204
2 1.17957 2.86105 0.0300000 1.00000 3.04204
3 0.000423965 2.19913 0.0300000 1.00000 3.04204
4 0.476283 2.45080 0.0300000 1.00000 3.04204
5 0.584470 2.58187 0.0300000 1.00000 3.04204
6 2.35341 0.291479 0.0300000 1.00000 3.04204
7 0.0287992 0.443288 0.0300000 1.00000 3.04204
8 1.14283 1.63145 0.0300000 1.00000 3.04204
9 0.145973 0.706370 0.0300000 1.00000 3.04204
10 2.77914 2.81698 0.0300000 1.00000 3.04204
11 0.286499 0.943976 0.0300000 1.00000 3.04204
12 2.69608 2.96928 0.0300000 1.00000 3.04204
13 1.15952 2.76624 0.0300000 1.00000 3.04204
14 1.85300 2.38099 0.0300000 1.00000 3.04204
15 1.90823 1.41685 0.0300000 1.00000 3.04204
16 2.53538 1.10168 0.0300000 1.00000 3.04204
17 1.65853 2.10789 0.0300000 1.00000 3.04204
18 2.13326 0.324154 0.0300000 1.00000 3.04204
19 2.43388 1.49632 0.0300000 1.00000 3.04204
20 1.20324 2.87540 0.0300000 1.00000 3.04204
36
1 2.60586 1.35394 0.0300000 1.00000 3.04204
2 1.14972 2.86403 0.0300000 1.00000 3.04204
3 3.07057 2.20211 0.0300000 1.00000 3.04204
4 0.446432 2.45378 0.0300000 1.00000 3.04204
5 0.554619 2.58485 0.0300000 1.00000 3.04204
6 2.32356 0.294460 0.0300000 1.00000 3.04204
7 3.09895 0.446269 0.0300000 1.00000 3.04204
8 1.11297 1.63443 0.0300000 1.00000 3.04204
9 0.116122 0.709351 0.0300000 1.00000 3.04204
10 2.74928 2.81996 0.0300000 1.00000 3.04204
11 0.256648 0.946958 0.0300000 1.00000 3.04204
12 2.66623 2.97226 0.0300000 1.00000 3.04204
13 1.12967 2.76923 0.0300000 1.00000 3.04204
14 1.82315 2.38397 0.0300000 1.00000 3.04204
15 1.87837 1.41983 0.0300000 1.00000 3.04204
16 2.50553 1.10466 0.0300000 1.00000 3.04204
17 1.62868 2.11087 0.0300000 1.00000 3.04204
18 2.10341 0.327136 0.0300000 1.00000 3.04204
19 2.40403 1.49930 0.0300000 1.00000 3.04204
20 1.17339 2.87838 0.0300000 1.00000 3.04204
37
1 2.57601 1.35692 0.0300000 1.00000 3.04204
2 1.11987 2.86701 0.0300000 1.00000 3.04204
3 3.04072 2.20509 0.0300000 1.00000 3.04204
4 0.416580 2.45676 0.0300000 1.00000 3.04204
5 0.524767 2.58784 0.0300000 1.00000 3.04204
6 2.29371 0.297442 0.0300000 1.00000 3.04204
7 3.06910 0.449251 0.0300000 1.00000 3.04204
8 1.08312 1.63741 0.0300000 1.00000 3.04204
9 0.0862702 0.712333 0.0300000 1.00000 3.04204
10 2.71943 2.82294 0.0300000 1.00000 3.04204
11 0.226796 0.949939 0.0300000 1.00000 3.04204
12 2.63638 2.97525 0.0300000 1.00000 3.04204
13 1.09982 2.77221 0.0300000 1.00000 3.04204
14 1.79329 2.38695 0.0300000 1.00000 3.04204
15 1.84852 1.42281 0.0300000 1.00000 3.04204
16 2.47568 1.10764 0.0300000 1.00000 3.04204
17 1.59883 2.11385 0.0300000 1.00000 3.04204
18 2.07356 0.330118 0.0300000 1.00000 3.04204
19 2.37417 1.50228 0.0300000 1.00000 3.04204
20 1.14353 2.88136 0.0300000 1.00000 3.04204
38
1 2.54616 1.35991 0.0300000 1.00000 3.04204
2 1.09002 2.86999 0.0300000 1.00000 3.04204
3 3.01087 2.20808 0.0300000 1.00000 3.04204
4 0.386729 2.45974 0.0300000 1.00000 3.04204
5 0.494916 2.59082 0.0300000 1.00000 3.04204
6 2.26386 0.300424 0.0300000 1.00000 3.04204
7 3.03924 0.452233 0.0300000 1.00000 3.04204
8 1.05327 1.64039 0.0300000 1.00000 3.04204
9 0.0564187 0.715315 0.0300000 1.00000 3.04204
10 2.68958 2.82593 0.0300000 1.00000 3.04204
11 0.196945 0.952921 0.0300000 1.00000 3.04204
12 2.60653 2.97823 0.0300000 1.00000 3.04204
13 1.06997 2.77519 0.0300000 1.00000 3.04204
14 1.76344 2.38993 0.0300000 1.00000 3.04204
15 1.81867 1.42579 0.0300000 1.00000 3.04204
16 2.44583 1.11062 0.0300000 1.00000 3.04204
17 1.56898 2.11683 0.0300000 1.00000 3.04204
18 2.04370 0.333099 0.0300000 1.00000 3.04204
19 2.34432 1.50526 0.0300000 1.00000 3.04204
20 1.11368 2.88435 0.0300000 1.00000 3.04204
39
1 2.51631 1.36289 0.0300000 1.00000 3.04204
2 1.06016 2.87298 0.0300000 1.00000 3.04204
3 2.98102 2.21106 0.0300000 1.00000 3.04204
4 0.356877 2.46273 0.0300000 1.00000 3.04204
5 0.465065 2.59380 0.0300000 1.00000 3.04204
6 2.23400 0.303406 0.0300000 1.00000 3.04204
7 3.00939 0.455215 0.0300000 1.00000 3.04204
8 1.02342 1.64338 0.0300000 1.00000 3.04204
9 0.0265673 0.718297 0.0300000 1.00000 3.04204
10 2.65973 2.82891 0.0300000 1.00000 3.04204
11 0.167093 0.955903 0.0300000 1.00000 3.04204
12 2.57667 2.98121 0.0300000 1.00000 3.04204
13 1.04012 2.77817 0.0300000 1.00000 3.04204
14 1.73359 2.39291 0.0300000 1.00000 3.04204
15 1.78882 1.42878 0.0300000 1.00000 3.04204
16 2.41598 1.11361 0.0300000 1.00000 3.04204
17 1.53913 2.11981 0.0300000 1.00000 3.04204
18 2.01385 0.336081 0.0300000 1.00000 3.04204
19 2.31447 1.50825 0.0300000 1.00000 3.04204
20 1.08383 2.88733 0.0300000 1.00000 3.04204
40
1 2.48646 1.36587 0.0300000 1.00000 3.04204
2 1.03031 2.87596 0.0300000 1.00000 3.04204
3 2.95117 2.21404 0.0300000 1.00000 3.04204
4 0.327026 2.46571 0.0300000 1.00000 3.04204
5 0.435213 2.59678 0.0300000 1.00000 3.04204
6 2.20415 0.306388 0.0300000 1.00000 3.04204
7 2.97954 0.458196 0.0300000 1.00000 3.04204
8 0.993568 1.64636 0.0300000 1.00000 3.04204
9 3.09672 0.721279 0.0300000 1.00000 3.04204
10 2.62988 2.83189 0.0300000 1.00000 3.04204
11 0.137242 0.958885 0.0300000 1.00000 3.04204
12 2.54682 2.98419 0.0300000 1.00000 3.04204
13 1.01026 2.78115 0.0300000 1.00000 3.04204
14 1.70374 2.39590 0.0300000 1.00000 3.04204
15 1.75897 1.43176 0.0300000 1.00000 3.04204
16 2.38613 1.11659 0.0300000 1.00000 3.04204
17 1.50928 2.12279 0.0300000 1.00000 3.04204
18 1.98400 0.339063 0.0300000 1.00000 3.04204
19 2.28462 1.51123 0.0300000 1.00000 3.04204
20 1.05398 2.89031 0.0300000 1.00000 3.04204
41
1 2.45661 1.36885 0.0300000 1.00000 3.04204
2 1.00046 2.87894 0.0300000 1.00000 3.04204
3 2.92132 2.21702 0.0300000 1.00000 3.04204
4 0.297174 2.46869 0.0300000 1.00000 3.04204
5 0.405362 2.59976 0.0300000 1.00000 3.04204
6 2.17430 0.309369 0.0300000 1.00000 3.04204
7 2.94969 0.461178 0.0300000 1.00000 3.04204
8 0.963717 1.64934 0.0300000 1.00000 3.04204
9 3.06686 0.724260 0.0300000 1.00000 3.04204
10 2.60003 2.83487 0.0300000 1.00000 3.04204
11 0.107390 0.961867 0.0300000 1.00000 3.04204
12 2.51697 2.98717 0.0300000 1.00000 3.04204
13 0.980412 2.78414 0.0300000 1.00000 3.04204
14 1.67389 2.39888 0.0300000 1.00000 3.04204
15 1.72912 1.43474 0.0300000 1.00000 3.04204
16 2.35627 1.11957 0.0300000 1.00000 3.04204
17 1.47943 2.12578 0.0300000 1.00000 3.04204
18 1.95415 0.342045 0.0300000 1.00000 3.04204
19 2.25477 1.51421 0.0300000 1.00000 3.04204
20 1.02413 2.89329 0.0300000 1.00000 3.04204
42
1 2.42676 1.37183 0.0300000 1.00000 3.04204
2 0.970611 2.88192 0.0300000 1.00000 3.04204
3 2.89146 2.22000 0.0300000 1.00000 3.04204
4 0.267323 2.47167 0.0300000 1.00000 3.04204
5 0.375510 2.60275 0.0300000 1.00000 3.04204
6 2.14445 0.312351 0.0300000 1.00000 3.04204
7 2.91984 0.464160 0.0300000 1.00000 3.04204
8 0.933865 1.65232 0.0300000 1.00000 3.04204
9 3.03701 0.727242 0.0300000 1.00000 3.04204
10 2.57018 2.83785 0.0300000 1.00000 3.04204
11 0.0775388 0.964848 0.0300000 1.00000 3.04204
12 2.48712 2.99015 0.0300000 1.00000 3.04204
13 0.950561 2.78712 0.0300000 1.00000 3.04204
14 1.64404 2.40186 0.0300000 1.00000 3.04204
15 1.69927 1.43772 0.0300000 1.00000 3.04204
16 2.32642 1.12255 0.0300000 1.00000 3.04204
17 1.44957 2.12876 0.0300000 1.00000 3.04204
18 1.92430 0.345026 0.0300000 1.00000 3.04204
19 2.22492 1.51719 0.0300000 1.00000 3.04204
20 0.994277 2.89627 0.0300000 1.00000 3.04204
43
1 2.39690 1.37481 0.0300000 1.00000 3.04204
2 0.940759 2.88490 0.0300000 1.00000 3.04204
3 2.86161 2.22298 0.0300000 1.00000 3.04204
4 0.237471 2.47465 0.0300000 1.00000 3.04204
5 0.345659 2.60573 0.0300000 1.00000 3.04204
6 2.11460 0.315333 0.0300000 1.00000 3.04204
7 2.88999 0.467142 0.0300000 1.00000 3.04204
8 0.904014 1.65530 0.0300000 1.00000 3.04204
9 3.00716 0.730224 0.0300000 1.00000 3.04204
10 2.54032 2.84083 0.0300000 1.00000 3.04204
11 0.0476874 0.967830 0.0300000 1.00000 3.04204
12 2.45727 2.99314 0.0300000 1.00000 3.04204
13 0.920710 2.79010 0.0300000 1.00000 3.04204
14 1.61419 2.40484 0.0300000 1.00000 3.04204
15 1.66941 1.44070 0.0300000 1.00000 3.04204
16 2.29657 1.12553 0.0300000 1.00000 3.04204
17 1.41972 2.13174 0.0300000 1.00000 3.04204
18 1.89445 0.348008 0.0300000 1.00000 3.04204
19 2.19507 1.52017 0.0300000 1.00000 3.04204
20 0.964425 2.89925 0.0300000 1.00000 3.04204
44
1 2.36705 1.37780 0.0300000 1.00000 3.04204
2 0.910908 2.88788 0.0300000 1.00000 3.04204
3 2.83176 2.22597 0.0300000 1.00000 3.04204
4 0.207620 2.47764 0.0300000 1.00000 3.04204
5 0.315807 2.60871 0.0300000 1.00000 3.04204
6 2.08475 0.318315 0.0300000 1.00000 3.04204
7 2.86014 0.470124 0.0300000 1.00000 3.04204
8 0.874162 1.65828 0.0300000 1.00000 3.04204
9 2.97731 0.733206 0.0300000 1.00000 3.04204
10 2.51047 2.84382 0.0300000 1.00000 3.04204
11 0.0178359 0.970812 0.0300000 1.00000 3.04204
12 2.42742 2.99612 0.0300000 1.00000 3.04204
13 0.890858 2.79308 0.0300000 1.00000 3.04204
14 1.58433 2.40782 0.0300000 1.00000 3.04204
15 1.63956 1.44368 0.0300000 1.00000 3.04204
16 2.26672 1.12852 0.0300000 1.00000 3.04204
17 1.38987 2.13472 0.0300000 1.00000 3.04204
18 1.86460 0.350990 0.0300000 1.00000 3.04204
19 2.16521 1.52316 0.0300000 1.00000 3.04204
20 0.934574 2.90224 0.0300000 1.00000 3.04204
45
1 2.33720 1.38078 0.0300000 1.00000 3.04204
2 0.881056 2.89087 0.0300000 1.00000 3.04204
3 2.80191 2.22895 0.0300000 1.00000 3.04204
4 0.177769 2.48062 0.0300000 1.00000 3.04204
5 0.285956 2.61169 0.0300000 1.00000 3.04204
6 2.05490 0.321297 0.0300000 1.00000 3.04204
7 2.83028 0.473105 0.0300000 1.00000 3.04204
8 0.844311 1.66127 0.0300000 1.00000 3.04204
9 2.94746 0.736187 0.0300000 1.00000 3.04204
10 2.48062 2.84680 0.0300000 1.00000 3.04204
11 3.08798 0.973794 0.0300000 1.00000 3.04204
12 2.39757 2.99910 0.0300000 1.00000 3.04204
13 0.861007 2.79606 0.0300000 1.00000 3.04204
14 1.55448 2.41080 0.0300000 1.00000 3.04204
15 1.60971 1.44667 0.0300000 1.00000 3.04204
16 2.23687 1.13150 0.0300000 1.00000 3.04204
17 1.36002 2.13770 0.0300000 1.00000 3.04204
18 1.83474 0.353972 0.0300000 1.00000 3.04204
19 2.13536 1.52614 0.0300000 1.00000 3.04204
20 0.904723 2.90522 0.0300000 1.00000 3.04204
46
1 2.30735 1.38376 0.0300000 1.00000 3.04204
2 0.851205 2.89385 0.0300000 1.00000 3.04204
3 2.77206 2.23193 0.0300000 1.00000 3.04204
4 0.147917 2.48360 0.0300000 1.00000 3.04204
5 0.256104 2.61467 0.0300000 1.00000 3.04204
6 2.02504 0.324278 0.0300000 1.00000 3.04204
7 2.80043 0.476087 0.0300000 1.00000 3.04204
8 0.814459 1.66425 0.0300000 1.00000 3.04204
9 2.91761 0.739169 0.0300000 1.00000 3.04204
10 2.45077 2.84978 0.0300000 1.00000 3.04204
11 3.05813 0.976776 0.0300000 1.00000 3.04204
12 2.36771 3.00208 0.0300000 1.00000 3.04204
13 0.831155 2.79904 0.0300000 1.00000 3.04204
14 1.52463 2.41379 0.0300000 1.00000 3.04204
15 1.57986 1.44965 0.0300000 1.00000 3.04204
16 2.20702 1.13448 0.0300000 1.00000 3.04204
17 1.33017 2.14068 0.0300000 1.00000 3.04204
18 1.80489 0.356954 0.0300000 1.00000 3.04204
19 2.10551 1.52912 0.0300000 1.00000 3.04204
20 0.874871 2.90820 0.0300000 1.00000 3.04204
47
1 2.27750 1.38674 0.0300000 1.00000 3.04204
2 0.821353 2.89683 0.0300000 1.00000 3.04204
3 2.74221 2.23491 0.0300000 1.00000 3.04204
4 0.118066 2.48658 0.0300000 1.00000 3.04204
5 0.226253 2.61765 0.0300000 1.00000 3.04204
6 1.99519 0.327260 0.0300000 1.00000 3.04204
7 2.77058 0.479069 0.0300000 1.00000 3.04204
8 0.784608 1.66723 0.0300000 1.00000 3.04204
9 2.88776 0.742151 0.0300000 1.00000 3.04204
10 2.42092 2.85276 0.0300000 1.00000 3.04204
11 3.02828 0.979757 0.0300000 1.00000 3.04204
12 2.33786 3.00506 0.0300000 1.00000 3.04204
13 0.801304 2.80203 0.0300000 1.00000 3.04204
14 1.49478 2.41677 0.0300000 1.00000 3.04204
15 1.55001 1.45263 0.0300000 1.00000 3.04204
16 2.17717 1.13746 0.0300000 1.00000 3.04204
17 1.30032 2.14367 0.0300000 1.00000 3.04204
18 1.77504 0.359935 0.0300000 1.00000 3.04204
19 2.07566 1.53210 0.0300000 1.00000 3.04204
20 0.845020 2.91118 0.0300000 1.00000 3.04204
48
1 2.24765 1.38972 0.0300000 1.00000 3.04204
2 0.791502 2.89981 0.0300000 1.00000 3.04204
3 2.71236 2.23789 0.0300000 1.00000 3.04204
4 0.0882142 2.48956 0.0300000 1.00000 3.04204
5 0.196402 2.62064 0.0300000 1.00000 3.04204
6 1.96534 0.330242 0.0300000 1.00000 3.04204
7 2.74073 0.482051 0.0300000 1.00000 3.04204
8 0.754757 1.67021 0.0300000 1.00000 3.04204
9 2.85790 0.745133 0.0300000 1.00000 3.04204
10 2.39107 2.85574 0.0300000 1.00000 3.04204
11 2.99843 0.982739 0.0300000 1.00000 3.04204
12 2.30801 3.00805 0.0300000 1.00000 3.04204
13 0.771452 2.80501 0.0300000 1.00000 3.04204
14 1.46493 2.41975 0.0300000 1.00000 3.04204
15 1.52016 1.45561 0.0300000 1.00000 3.04204
16 2.14731 1.14044 0.0300000 1.00000 3.04204
17 1.27047 2.14665 0.0300000 1.00000 3.04204
18 1.74519 0.362917 0.0300000 1.00000 3.04204
19 2.04581 1.53508 0.0300000 1.00000 3.04204
20 0.815168 2.91416 0.0300000 1.00000 3.04204
49
1 2.21780 1.39270 0.0300000 1.00000 3.04204
2 0.761650 2.90279 0.0300000 1.00000 3.04204
3 2.68250 2.24088 0.0300000 1.00000 3.04204
4 0.0583628 2.49254 0.0300000 1.00000 3.04204
5 0.166550 2.62362 0.0300000 1.00000 3.04204
6 1.93549 0.333224 0.0300000 1.00000 3.04204
7 2.71088 0.485033 0.0300000 1.00000 3.04204
8 0.724905 1.67319 0.0300000 1.00000 3.04204
9 2.82805 0.748115 0.0300000 1.00000 3.04204
10 2.36122 2.85873 0.0300000 1.00000 3.04204
11 2.96858 0.985721 0.0300000 1.00000 3.04204
12 2.27816 3.01103 0.0300000 1.00000 3.04204
13 0.741601 2.80799 0.0300000 1.00000 3.04204
14 1.43508 2.42273 0.0300000 1.00000 3.04204
15 1.49031 1.45859 0.0300000 1.00000 3.04204
16 2.11746 1.14342 0.0300000 1.00000 3.04204
17 1.24061 2.14963 0.0300000 1.00000 3.04204
18 1.71534 0.365899 0.0300000 1.00000 3.04204
19 2.01596 1.53806 0.0300000 1.00000 3.04204
20 0.785317 2.91714 0.0300000 1.00000 3.04204
50
1 2.18794 1.39569 0.0300000 1.00000 3.04204
2 0.731799 2.90578 0.0300000 1.00000 3.04204
3 2.65265 2.24386 0.0300000 1.00000 3.04204
4 0.0285114 2.49553 0.0300000 1.00000 3.04204
5 0.136699 2.62660 0.0300000 1.00000 3.04204
6 1.90564 0.336205 0.0300000 1.00000 3.04204
7 2.68103 0.488014 0.0300000 1.00000 3.04204
8 0.695054 1.67618 0.0300000 1.00000 3.04204
9 2.79820 0.751096 0.0300000 1.00000 3.04204
10 2.33136 2.86171 0.0300000 1.00000 3.04204
11 2.93873 0.988703 0.0300000 1.00000 3.04204
12 2.24831 3.01401 0.0300000 1.00000 3.04204
13 0.711749 2.81097 0.0300000 1.00000 3.04204
14 1.40523 2.42571 0.0300000 1.00000 3.04204
15 1.46045 1.46157 0.0300000 1.00000 3.04204
16 2.08761 1.14641 0.0300000 1.00000 3.04204
17 1.21076 2.15261 0.0300000 1.00000 3.04204
18 1.68549 0.368881 0.0300000 1.00000 3.04204
19 1.98611 1.54105 0.0300000 1.00000 3.04204
20 0.755465 2.92013 0.0300000 1.00000 3.04204
51
1 2.15809 1.39867 0.0300000 1.00000 3.04204
2 0.701947 2.90876 0.0300000 1.00000 3.04204
3 2.62280 2.24684 0.0300000 1.00000 3.04204
4 3.09866 2.49851 0.0300000 1.00000 3.04204
5 0.106847 2.62958 0.0300000 1.00000 3.04204
6 1.87579 0.339187 0.0300000 1.00000 3.04204
7 2.65118 0.490996 0.0300000 1.00000 3.04204
8 0.665202 1.67916 0.0300000 1.00000 3.04204
9 2.76835 0.754078 0.0300000 1.00000 3.04204
10 2.30151 2.86469 0.0300000 1.00000 3.04204
11 2.90888 0.991684 0.0300000 1.00000 3.04204
12 2.21846 3.01699 0.0300000 1.00000 3.04204
13 0.681898 2.81395 0.0300000 1.00000 3.04204
14 1.37537 2.42870 0.0300000 1.00000 3.04204
15 1.43060 1.46456 0.0300000 1.00000 3.04204
16 2.05776 1.14939 0.0300000 1.00000 3.04204
17 1.18091 2.15559 0.0300000 1.00000 3.04204
18 1.65564 0.371863 0.0300000 1.00000 3.04204
19 1.95625 1.54403 0.0300000 1.00000 3.04204
20 0.725614 2.92311 0.0300000 1.00000 3.04204
52
1 2.12824 1.40165 0.0300000 1.00000 3.04204
2 0.672096 2.91174 0.0300000 1.00000 3.04204
3 2.59295 2.24982 0.0300000 1.00000 3.04204
4 3.06881 2.50149 0.0300000 1.00000 3.04204
5 0.0769957 2.63256 0.0300000 1.00000 3.04204
6 1.84594 0.342169 0.0300000 1.00000 3.04204
7 2.62132 0.493978 0.0300000 1.00000 3.04204
8 0.635351 1.68214 0.0300000 1.00000 3.04204
9 2.73850 0.757060 0.0300000 1.00000 3.04204
10 2.27166 2.86767 0.0300000 1.00000 3.04204
11 2.87902 0.994666 0.0300000 1.00000 3.04204
12 2.18860 3.01997 0.0300000 1.00000 3.04204
13 0.652047 2.81693 0.0300000 1.00000 3.04204
14 1.34552 2.43168 0.0300000 1.00000 3.04204
15 1.40075 1.46754 0.0300000 1.00000 3.04204
16 2.02791 1.15237 0.0300000 1.00000 3.04204
17 1.15106 2.15858 0.0300000 1.00000 3.04204
18 1.62578 0.374844 0.0300000 1.00000 3.04204
19 1.92640 1.54701 0.0300000 1.00000 3.04204
20 0.695762 2.92609 0.0300000 1.00000 3.04204
53
1 2.09839 1.40463 0.0300000 1.00000 3.04204
2 0.642245 2.91472 0.0300000 1.00000 3.04204
3 2.56310 2.25280 0.0300000 1.00000 3.04204
4 3.03896 2.50447 0.0300000 1.00000 3.04204
5 0.0471443 2.63555 0.0300000 1.00000 3.04204
6 1.81608 0.345151 0.0300000 1.00000 3.04204
7 2.59147 0.496960 0.0300000 1.00000 3.04204
8 0.605499 1.68512 0.0300000 1.00000 3.04204
9 2.70865 0.760042 0.0300000 1.00000 3.04204
10 2.24181 2.87065 0.0300000 1.00000 3.04204
11 2.84917 0.997648 0.0300000 1.00000 3.04204
12 2.15875 3.02295 0.0300000 1.00000 3.04204
13 0.622195 2.81992 0.0300000 1.00000 3.04204
14 1.31567 2.43466 0.0300000 1.00000 3.04204
15 1.37090 1.47052 0.0300000 1.00000 3.04204
16 1.99806 1.15535 0.0300000 1.00000 3.04204
17 1.12121 2.16156 0.0300000 1.00000 3.04204
18 1.59593 0.377826 0.0300000 1.00000 3.04204
19 1.89655 1.54999 0.0300000 1.00000 3.04204
20 0.665911 2.92907 0.0300000 1.00000 3.04204
54
1 2.06854 1.40761 0.0300000 1.00000 3.04204
2 0.612393 2.91770 0.0300000 1.00000 3.04204
3 2.53325 2.25578 0.0300000 1.00000 3.04204
4 3.00911 2.50745 0.0300000 1.00000 3.04204
5 0.0172928 2.63853 0.0300000 1.00000 3.04204
6 1.78623 0.348133 0.0300000 1.00000 3.04204
7 2.56162 0.499941 0.0300000 1.00000 3.04204
8 0.575648 1.68810 0.0300000 1.00000 3.04204
9 2.67880 0.763024 0.0300000 1.00000 3.04204
10 2.21196 2.87363 0.0300000 1.00000 3.04204
11 2.81932 1.00063 0.0300000 1.00000 3.04204
12 2.12890 3.02594 0.0300000 1.00000 3.04204
13 0.592344 2.82290 0.0300000 1.00000 3.04204
14 1.28582 2.43764 0.0300000 1.00000 3.04204
15 1.34105 1.47350 0.0300000 1.00000 3.04204
16 1.96821 1.15833 0.0300000 1.00000 3.04204
17 1.09136 2.16454 0.0300000 1.00000 3.04204
18 1.56608 0.380808 0.0300000 1.00000 3.04204
19 1.86670 1.55297 0.0300000 1.00000 3.04204
20 0.636060 2.93205 0.0300000 1.00000 3.04204
55
1 2.03869 1.41060 0.0300000 1.00000 3.04204
2 0.582542 2.92068 0.0300000 1.00000 3.04204
3 2.50340 2.25877 0.0300000 1.00000 3.04204
4 2.97925 2.51044 0.0300000 1.00000 3.04204
5 3.08744 2.64151 0.0300000 1.00000 3.04204
6 1.75638 0.351114 0.0300000 1.00000 3.04204
7 2.53177 0.502923 0.0300000 1.00000 3.04204
8 0.545796 1.69108 0.0300000 1.00000 3.04204
9 2.64894 0.766005 0.0300000 1.00000 3.04204
10 2.18211 2.87662 0.0300000 1.00000 3.04204
11 2.78947 1.00361 0.0300000 1.00000 3.04204
12 2.09905 3.02892 0.0300000 1.00000 3.04204
13 0.562492 2.82588 0.0300000 1.00000 3.04204
14 1.25597 2.44062 0.0300000 1.00000 3.04204
15 1.31120 1.47648 0.0300000 1.00000 3.04204
16 1.93835 1.16132 0.0300000 1.00000 3.04204
17 1.06151 2.16752 0.0300000 1.00000 3.04204
18 1.53623 0.383790 0.0300000 1.00000 3.04204
19 1.83685 1.55595 0.0300000 1.00000 3.04204
20 0.606208 2.93504 0.0300000 1.00000 3.04204
56
1 2.00884 1.41358 0.0300000 1.00000 3.04204
2 0.552690 2.92367 0.0300000 1.00000 3.04204
3 2.47354 2.26175 0.0300000 1.00000 3.04204
4 2.94940 2.51342 0.0300000 1.00000 3.04204
5 3.05759 2.64449 0.0300000 1.00000 3.04204
6 1.72653 0.354096 0.0300000 1.00000 3.04204
7 2.50192 0.505905 0.0300000 1.00000 3.04204
8 0.515945 1.69407 0.0300000 1.00000 3.04204
9 2.61909 0.768987 0.0300000 1.00000 3.04204
10 2.15226 2.87960 0.0300000 1.00000 3.04204
11 2.75962 1.00659 0.0300000 1.00000 3.04204
12 2.06920 3.03190 0.0300000 1.00000 3.04204
13 0.532641 2.82886 0.0300000 1.00000 3.04204
14 1.22612 2.44360 0.0300000 1.00000 3.04204
15 1.28135 1.47947 0.0300000 1.00000 3.04204
16 1.90850 1.16430 0.0300000 1.00000 3.04204
17 1.03165 2.17050 0.0300000 1.00000 3.04204
18 1.50638 0.386771 0.0300000 1.00000 3.04204
19 1.80700 1.55894 0.0300000 1.00000 3.04204
20 0.576357 2.93802 0.0300000 1.00000 3.04204
57
1 1.97898 1.41656 0.0300000 1.00000 3.04204
2 0.522839 2.92665 0.0300000 1.00000 3.04204
3 2.44369 2.26473 0.0300000 1.00000 3.04204
4 2.91955 2.51640 0.0300000 1.00000 3.04204
5 3.02774 2.64747 0.0300000 1.00000 3.04204
6 1.69668 0.357078 0.0300000 1.00000 3.04204
7 2.47207 0.508887 0.0300000 1.00000 3.04204
8 0.486094 1.69705 0.0300000 1.00000 3.04204
9 2.58924 0.771969 0.0300000 1.00000 3.04204
10 2.12240 2.88258 0.0300000 1.00000 3.04204
11 2.72977 1.00958 0.0300000 1.00000 3.04204
12 2.03935 3.03488 0.0300000 1.00000 3.04204
13 0.502789 2.83184 0.0300000 1.00000 3.04204
14 1.19627 2.44659 0.0300000 1.00000 3.04204
15 1.25149 1.48245 0.0300000 1.00000 3.04204
16 1.87865 1.16728 0.0300000 1.00000 3.04204
17 1.00180 2.17348 0.0300000 1.00000 3.04204
18 1.47653 0.389753 0.0300000 1.00000 3.04204
19 1.77715 1.56192 0.0300000 1.00000 3.04204
20 0.546505 2.94100 0.0300000 1.00000 3.04204
58
1 1.94913 1.41954 0.0300000 1.00000 3.04204
2 0.492987 2.92963 0.0300000 1.00000 3.04204
3 2.41384 2.26771 0.0300000 1.00000 3.04204
4 2.88970 2.51938 0.0300000 1.00000 3.04204
5 2.99789 2.65045 0.0300000 1.00000 3.04204
6 1.66683 0.360060 0.0300000 1.00000 3.04204
7 2.44222 0.511869 0.0300000 1.00000 3.04204
8 0.456242 1.70003 0.0300000 1.00000 3.04204
9 2.55939 0.774951 0.0300000 1.00000 3.04204
10 2.09255 2.88556 0.0300000 1.00000 3.04204
11 2.69992 1.01256 0.0300000 1.00000 3.04204
12 2.00950 3.03786 0.0300000 1.00000 3.04204
13 0.472938 2.83483 0.0300000 1.00000 3.04204
14 1.16641 2.44957 0.0300000 1.00000 3.04204
15 1.22164 1.48543 0.0300000 1.00000 3.04204
16 1.84880 1.17026 0.0300000 1.00000 3.04204
17 0.971951 2.17647 0.0300000 1.00000 3.04204
18 1.44668 0.392735 0.0300000 1.00000 3.04204
19 1.74729 1.56490 0.0300000 1.00000 3.04204
20 0.516654 2.94398 0.0300000 1.00000 3.04204
59
1 1.91928 1.42252 0.0300000 1.00000 3.04204
2 0.463136 2.93261 0.0300000 1.00000 3.04204
3 2.38399 2.27069 0.0300000 1.00000 3.04204
4 2.85985 2.52236 0.0300000 1.00000 3.04204
5 2.96804 2.65344 0.0300000 1.00000 3.04204
6 1.63698 0.363042 0.0300000 1.00000 3.04204
7 2.41236 0.514850 0.0300000 1.00000 3.04204
8 0.426391 1.70301 0.0300000 1.00000 3.04204
9 2.52954 0.777932 0.0300000 1.00000 3.04204
10 2.06270 2.88854 0.0300000 1.00000 3.04204
11 2.67006 1.01554 0.0300000 1.00000 3.04204
12 1.97964 3.04085 0.0300000 1.00000 3.04204
13 0.443086 2.83781 0.0300000 1.00000 3.04204
14 1.13656 2.45255 0.0300000 1.00000 3.04204
15 1.19179 1.48841 0.0300000 1.00000 3.04204
16 1.81895 1.17324 0.0300000 1.00000 3.04204
17 0.942100 2.17945 0.0300000 1.00000 3.04204
18 1.41682 0.395717 0.0300000 1.00000 3.04204
19 1.71744 1.56788 0.0300000 1.00000 3.04204
20 0.486802 2.94696 0.0300000 1.00000 3.04204
60
1 1.88943 1.42550 0.0300000 1.00000 3.04204
2 0.433284 2.93559 0.0300000 1.00000 3.04204
3 2.35414 2.27368 0.0300000 1.00000 3.04204
4 2.83000 2.52534 0.0300000 1.00000 3.04204
5 2.93818 2.65642 0.0300000 1.00000 3.04204
6 1.60712 0.366023 0.0300000 1.00000 3.04204
7 2.38251 0.517832 0.0300000 1.00000 3.04204
8 0.396539 1.70599 0.0300000 1.00000 3.04204
9 2.49969 0.780914 0.0300000 1.00000 3.04204
10 2.03285 2.89152 0.0300000 1.00000 3.04204
11 2.64021 1.01852 0.0300000 1.00000 3.04204
12 1.94979 3.04383 0.0300000 1.00000 3.04204
13 0.413235 2.84079 0.0300000 1.00000 3.04204
14 1.10671 2.45553 0.0300000 1.00000 3.04204
15 1.16194 1.49139 0.0300000 1.00000 3.04204
16 1.78910 1.17622 0.0300000 1.00000 3.04204
17 0.912248 2.18243 0.0300000 1.00000 3.04204
18 1.38697 0.398699 0.0300000 1.00000 3.04204
19 1.68759 1.57086 0.0300000 1.00000 3.04204
20 0.456951 2.94994 0.0300000 1.00000 3.04204
61
1 1.85958 1.42849 0.0300000 1.00000 3.04204
2 0.403433 2.93857 0.0300000 1.00000 3.04204
3 2.32429 2.27666 0.0300000 1.00000 3.04204
4 2.80015 2.52833 0.0300000 1.00000 3.04204
5 2.90833 2.65940 0.0300000 1.00000 3.04204
6 1.57727 0.369005 0.0300000 1.00000 3.04204
7 2.35266 0.520814 0.0300000 1.00000 3.04204
8 0.366688 1.70897 0.0300000 1.00000 3.04204
9 2.46984 0.783896 0.0300000 1.00000 3.04204
10 2.00300 2.89451 0.0300000 1.00000 3.04204
11 2.61036 1.02150 0.0300000 1.00000 3.04204
12 1.91994 3.04681 0.0300000 1.00000 3.04204
13 0.383384 2.84377 0.0300000 1.00000 3.04204
14 1.07686 2.45851 0.0300000 1.00000 3.04204
15 1.13209 1.49437 0.0300000 1.00000 3.04204
16 1.75925 1.17921 0.0300000 1.00000 3.04204
17 0.882397 2.18541 0.0300000 1.00000 3.04204
18 1.35712 0.401680 0.0300000 1.00000 3.04204
19 1.65774 1.57385 0.0300000 1.00000 3.04204
20 0.427099 2.95293 0.0300000 1.00000 3.04204
62
1 1.82973 1.43147 0.0300000 1.00000 3.04204
2 0.373582 2.94156 0.0300000 1.00000 3.04204
3 2.29443 2.27964 0.0300000 1.00000 3.04204
4 2.77029 2.53131 0.0300000 1.00000 3.04204
5 2.87848 2.66238 0.0300000 1.00000 3.04204
6 1.54742 0.371987 0.0300000 1.00000 3.04204
7 2.32281 0.523796 0.0300000 1.00000 3.04204
8 0.336836 1.71196 0.0300000 1.00000 3.04204
9 2.43998 0.786878 0.0300000 1.00000 3.04204
10 1.97315 2.89749 0.0300000 1.00000 3.04204
11 2.58051 1.02448 0.0300000 1.00000 3.04204
12 1.89009 3.04979 0.0300000 1.00000 3.04204
13 0.353532 2.84675 0.0300000 1.00000 3.04204
14 1.04701 2.46150 0.0300000 1.00000 3.04204
15 1.10224 1.49736 0.0300000 1.00000 3.04204
16 1.72939 1.18219 0.0300000 1.00000 3.04204
17 0.852545 2.18839 0.0300000 1.00000 3.04204
18 1.32727 0.404662 0.0300000 1.00000 3.04204
19 1.62789 1.57683 0.0300000 1.00000 3.04204
20 0.397248 2.95591 0.0300000 1.00000 3.04204
63
1 1.79988 1.43445 0.0300000 1.00000 3.04204
2 0.343730 2.94454 0.0300000 1.00000 3.04204
3 2.26458 2.28262 0.0300000 1.00000 3.04204
4 2.74044 2.53429 0.0300000 1.00000 3.04204
5 2.84863 2.66536 0.0300000 1.00000 3.04204
6 1.51757 0.374969 0.0300000 1.00000 3.04204
7 2.29296 0.526778 0.0300000 1.00000 3.04204
8 0.306985 1.71494 0.0300000 1.00000 3.04204
9 2.41013 0.789860 0.0300000 1.00000 3.04204
10 1.94330 2.90047 0.0300000 1.00000 3.04204
11 2.55066 1.02747 0.0300000 1.00000 3.04204
12 1.86024 3.05277 0.0300000 1.00000 3.04204
13 0.323681 2.84973 0.0300000 1.00000 3.04204
14 1.01716 2.46448 0.0300000 1.00000 3.04204
15 1.07239 1.50034 0.0300000 1.00000 3.04204
16 1.69954 1.18517 0.0300000 1.00000 3.04204
17 0.822694 2.19138 0.0300000 1.00000 3.04204
18 1.29742 0.407644 0.0300000 1.00000 3.04204
19 1.59804 1.57981 0.0300000 1.00000 3.04204
20 0.367397 2.95889 0.0300000 1.00000 3.04204
64
1 1.77002 1.43743 0.0300000 1.00000 3.04204
2 0.313879 2.94752 0.0300000 1.00000 3.04204
3 2.23473 2.28560 0.0300000 1.00000 3.04204
4 2.71059 2.53727 0.0300000 1.00000 3.04204
5 2.81878 2.66834 0.0300000 1.00000 3.04204
6 1.48772 0.377950 0.0300000 1.00000 3.04204
7 2.26311 0.529759 0.0300000 1.00000 3.04204
8 0.277133 1.71792 0.0300000 1.00000 3.04204
9 2.38028 0.792841 0.0300000 1.00000 3.04204
10 1.91344 2.90345 0.0300000 1.00000 3.04204
11 2.52081 1.03045 0.0300000 1.00000 3.04204
12 1.83039 3.05575 0.0300000 1.00000 3.04204
13 0.293829 2.85272 0.0300000 1.00000 3.04204
14 0.987305 2.46746 0.0300000 1.00000 3.04204
15 1.04253 1.50332 0.0300000 1.00000 3.04204
16 1.66969 1.18815 0.0300000 1.00000 3.04204
17 0.792843 2.19436 0.0300000 1.00000 3.04204
18 1.26757 0.410626 0.0300000 1.00000 3.04204
19 1.56819 1.58279 0.0300000 1.00000 3.04204
20 0.337545 2.96187 0.0300000 1.00000 3.04204
65
1 1.74017 1.44041 0.0300000 1.00000 3.04204
2 0.284027 2.95050 0.0300000 1.00000 3.04204
3 2.20488 2.28858 0.0300000 1.00000 3.04204
4 2.68074 2.54025 0.0300000 1.00000 3.04204
5 2.78893 2.67133 0.0300000 1.00000 3.04204
6 1.45787 0.380932 0.0300000 1.00000 3.04204
7 2.23326 0.532741 0.0300000 1.00000 3.04204
8 0.247282 1.72090 0.0300000 1.00000 3.04204
9 2.35043 0.795823 0.0300000 1.00000 3.04204
10 1.88359 2.90643 0.0300000 1.00000 3.04204
11 2.49096 1.03343 0.0300000 1.00000 3.04204
12 1.80054 3.05874 0.0300000 1.00000 3.04204
13 0.263978 2.85570 0.0300000 1.00000 3.04204
14 0.957454 2.47044 0.0300000 1.00000 3.04204
15 1.01268 1.50630 0.0300000 1.00000 3.04204
16 1.63984 1.19113 0.0300000 1.00000 3.04204
17 0.762991 2.19734 0.0300000 1.00000 3.04204
18 1.23772 0.413608 0.0300000 1.00000 3.04204
19 1.53833 1.58577 0.0300000 1.00000 3.04204
20 0.307694 2.96485 0.0300000 1.00000 3.04204
66
1 1.71032 1.44340 0.0300000 1.00000 3.04204
2 0.254176 2.95348 0.0300000 1.00000 3.04204
3 2.17503 2.29157 0.0300000 1.00000 3.04204
4 2.65089 2.54323 0.0300000 1.00000 3.04204
5 2.75908 2.67431 0.0300000 1.00000 3.04204
6 1.42802 0.383914 0.0300000 1.00000 3.04204
7 2.20340 0.535723 0.0300000 1.00000 3.04204
8 0.217431 1.72388 0.0300000 1.00000 3.04204
9 2.32058 0.798805 0.0300000 1.00000 3.04204
10 1.85374 2.90942 0.0300000 1.00000 3.04204
11 2.46110 1.03641 0.0300000 1.00000 3.04204
12 1.77068 3.06172 0.0300000 1.00000 3.04204
13 0.234126 2.85868 0.0300000 1.00000 3.04204
14 0.927602 2.47342 0.0300000 1.00000 3.04204
15 0.982831 1.50928 0.0300000 1.00000 3.04204
16 1.60999 1.19411 0.0300000 1.00000 3.04204
17 0.733140 2.20032 0.0300000 1.00000 3.04204
18 1.20786 0.416589 0.0300000 1.00000 3.04204
19 1.50848 1.58875 0.0300000 1.00000 3.04204
20 0.277842 2.96784 0.0300000 1.00000 3.04204
67
1 1.68047 1.44638 0.0300000 1.00000 3.04204
2 0.224324 2.95647 0.0300000 1.00000 3.04204
3 2.14518 2.29455 0.0300000 1.00000 3.04204
4 2.62104 2.54622 0.0300000 1.00000 3.04204
5 2.72922 2.67729 0.0300000 1.00000 3.04204
6 1.39816 0.386896 0.0300000 1.00000 3.04204
7 2.17355 0.538705 0.0300000 1.00000 3.04204
8 0.187579 1.72687 0.0300000 1.00000 3.04204
9 2.29073 0.801787 0.0300000 1.00000 3.04204
10 1.82389 2.91240 0.0300000 1.00000 3.04204
11 2.43125 1.03939 0.0300000 1.00000 3.04204
12 1.74083 3.06470 0.0300000 1.00000 3.04204
13 0.204275 2.86166 0.0300000 1.00000 3.04204
14 0.897751 2.47640 0.0300000 1.00000 3.04204
15 0.952979 1.51227 0.0300000 1.00000 3.04204
16 1.58014 1.19710 0.0300000 1.00000 3.04204
17 0.703288 2.20330 0.0300000 1.00000 3.04204
18 1.17801 0.419571 0.0300000 1.00000 3.04204
19 1.47863 1.59174 0.0300000 1.00000 3.04204
20 0.247991 2.97082 0.0300000 1.00000 3.04204
68
1 1.65062 1.44936 0.0300000 1.00000 3.04204
2 0.194473 2.95945 0.0300000 1.00000 3.04204
3 2.11533 2.29753 0.0300000 1.00000 3.04204
4 2.59119 2.54920 0.0300000 1.00000 3.04204
5 2.69937 2.68027 0.0300000 1.00000 3.04204
6 1.36831 0.389878 0.0300000 1.00000 3.04204
7 2.14370 0.541686 0.0300000 1.00000 3.04204
8 0.157728 1.72985 0.0300000 1.00000 3.04204
9 2.26088 0.804769 0.0300000 1.00000 3.04204
10 1.79404 2.91538 0.0300000 1.00000 3.04204
11 2.40140 1.04237 0.0300000 1.00000 3.04204
12 1.71098 3.06768 0.0300000 1.00000 3.04204
13 0.174423 2.86464 0.0300000 1.00000 3.04204
14 0.867900 2.47939 0.0300000 1.00000 3.04204
15 0.923128 1.51525 0.0300000 1.00000 3.04204
16 1.55029 1.20008 0.0300000 1.00000 3.04204
17 0.673437 2.20628 0.0300000 1.00000 3.04204
18 1.14816 0.422553 0.0300000 1.00000 3.04204
19 1.44878 1.59472 0.0300000 1.00000 3.04204
20 0.218139 2.97380 0.0300000 1.00000 3.04204
69
1 1.62077 1.45234 0.0300000 1.00000 3.04204
2 0.164621 2.96243 0.0300000 1.00000 3.04204
3 2.08547 2.30051 0.0300000 1.00000 3.04204
4 2.56133 2.55218 0.0300000 1.00000 3.04204
5 2.66952 2.68325 0.0300000 1.00000 3.04204
6 1.33846 0.392859 0.0300000 1.00000 3.04204
7 2.11385 0.544668 0.0300000 1.00000 3.04204
8 0.127876 1.73283 0.0300000 1.00000 3.04204
9 2.23102 0.807750 0.0300000 1.00000 3.04204
10 1.76419 2.91836 0.0300000 1.00000 3.04204
11 2.37155 1.04536 0.0300000 1.00000 3.04204
12 1.68113 3.07066 0.0300000 1.00000 3.04204
13 0.144572 2.86763 0.0300000 1.00000 3.04204
14 0.838048 2.48237 0.0300000 1.00000 3.04204
15 0.893277 1.51823 0.0300000 1.00000 3.04204
16 1.52043 1.20306 0.0300000 1.00000 3.04204
17 0.643585 2.20927 0.0300000 1.00000 3.04204
18 1.11831 0.425535 0.0300000 1.00000 3.04204
19 1.41893 1.59770 0.0300000 1.00000 3.04204
20 0.188288 2.97678 0.0300000 1.00000 3.04204
70
1 1.59092 1.45532 0.0300000 1.00000 3.04204
2 0.134770 2.96541 0.0300000 1.00000 3.04204
3 2.05562 2.30349 0.0300000 1.00000 3.04204
4 2.53148 2.55516 0.0300000 1.00000 3.04204
5 2.63967 2.68624 0.0300000 1.00000 3.04204
6 1.30861 0.395841 0.0300000 1.00000 3.04204
7 2.08400 0.547650 0.0300000 1.00000 3.04204
8 0.0980247 1.73581 0.0300000 1.00000 3.04204
9 2.20117 0.810732 0.0300000 1.00000 3.04204
10 1.73434 2.92134 0.0300000 1.00000 3.04204
11 2.34170 1.04834 0.0300000 1.00000 3.04204
12 1.65128 3.07364 0.0300000 1.00000 3.04204
13 0.114721 2.87061 0.0300000 1.00000 3.04204
14 0.808197 2.48535 0.0300000 1.00000 3.04204
15 0.863425 1.52121 0.0300000 1.00000 3.04204
16 1.49058 1.20604 0.0300000 1.00000 3.04204
17 0.613734 2.21225 0.0300000 1.00000 3.04204
18 1.08846 0.428516 0.0300000 1.00000 3.04204
19 1.38908 1.60068 0.0300000 1.00000 3.04204
20 0.158436 2.97976 0.0300000 1.00000 3.04204
71
1 1.56106 1.45830 0.0300000 1.00000 3.04204
2 0.104919 2.96839 0.0300000 1.00000 3.04204
3 2.02577 2.30647 0.0300000 1.00000 3.04204
4 2.50163 2.55814 0.0300000 1.00000 3.04204
5 2.60982 2.68922 0.0300000 1.00000 3.04204
6 1.27876 0.398823 0.0300000 1.00000 3.04204
7 2.05415 0.550632 0.0300000 1.00000 3.04204
8 0.0681733 1.73879 0.0300000 1.00000 3.04204
9 2.17132 0.813714 0.0300000 1.00000 3.04204
10 1.70448 2.92432 0.0300000 1.00000 3.04204
11 2.31185 1.05132 0.0300000 1.00000 3.04204
12 1.62143 3.07663 0.0300000 1.00000 3.04204
13 0.0848691 2.87359 0.0300000 1.00000 3.04204
14 0.778345 2.48833 0.0300000 1.00000 3.04204
15 0.833574 1.52419 0.0300000 1.00000 3.04204
16 1.46073 1.20902 0.0300000 1.00000 3.04204
17 0.583882 2.21523 0.0300000 1.00000 3.04204
18 1.05861 0.431498 0.0300000 1.00000 3.04204
19 1.35922 1.60366 0.0300000 1.00000 3.04204
20 0.128585 2.98274 0.0300000 1.00000 3.04204
72
1 1.53121 1.46129 0.0300000 1.00000 3.04204
2 0.0750671 2.97137 0.0300000 1.00000 3.04204
3 1.99592 2.30946 0.0300000 1.00000 3.04204
4 2.47178 2.56113 0.0300000 1.00000 3.04204
5 2.57997 2.69220 0.0300000 1.00000 3.04204
6 1.24891 0.401805 0.0300000 1.00000 3.04204
7 2.02430 0.553614 0.0300000 1.00000 3.04204
8 0.0383218 1.74177 0.0300000 1.00000 3.04204
9 2.14147 0.816696 0.0300000 1.00000 3.04204
10 1.67463 2.92731 0.0300000 1.00000 3.04204
11 2.28200 1.05430 0.0300000 1.00000 3.04204
12 1.59158 3.07961 0.0300000 1.00000 3.04204
13 0.0550176 2.87657 0.0300000 1.00000 3.04204
14 0.748494 2.49131 0.0300000 1.00000 3.04204
15 0.803722 1.52717 0.0300000 1.00000 3.04204
16 1.43088 1.21201 0.0300000 1.00000 3.04204
17 0.554031 2.21821 0.0300000 1.00000 3.04204
18 1.02876 0.434480 0.0300000 1.00000 3.04204
19 1.32937 1.60665 0.0300000 1.00000 3.04204
20 0.0987335 2.98573 0.0300000 1.00000 3.04204
73
1 1.50136 1.46427 0.0300000 1.00000 3.04204
2 0.0452156 2.97436 0.0300000 1.00000 3.04204
3 1.96607 2.31244 0.0300000 1.00000 3.04204
4 2.44193 2.56411 0.0300000 1.00000 3.04204
5 2.55012 2.69518 0.0300000 1.00000 3.04204
6 1.21906 0.404787 0.0300000 1.00000 3.04204
7 1.99444 0.556595 0.0300000 1.00000 3.04204
8 0.00847039 1.74476 0.0300000 1.00000 3.04204
9 2.11162 0.819677 0.0300000 1.00000 3.04204
10 1.64478 2.93029 0.0300000 1.00000 3.04204
11 2.25214 1.05728 0.0300000 1.00000 3.04204
12 1.56172 3.08259 0.0300000 1.00000 3.04204
13 0.0251662 2.87955 0.0300000 1.00000 3.04204
14 0.718642 2.49429 0.0300000 1.00000 3.04204
15 0.773871 1.53016 0.0300000 1.00000 3.04204
16 1.40103 1.21499 0.0300000 1.00000 3.04204
17 0.524180 2.22119 0.0300000 1.00000 3.04204
18 0.998904 0.437462 0.0300000 1.00000 3.04204
19 1.29952 1.60963 0.0300000 1.00000 3.04204
20 0.0688821 2.98871 0.0300000 1.00000 3.04204
74
1 1.47151 1.46725 0.0300000 1.00000 3.04204
2 0.0153642 2.97734 0.0300000 1.00000 3.04204
3 1.93622 2.31542 0.0300000 1.00000 3.04204
4 2.41208 2.56709 0.0300000 1.00000 3.04204
5 2.52026 2.69816 0.0300000 1.00000 3.04204
6 1.18920 0.407768 0.0300000 1.00000 3.04204
7 1.96459 0.559577 0.0300000 1.00000 3.04204
8 3.07862 1.74774 0.0300000 1.00000 3.04204
9 2.08177 0.822659 0.0300000 1.00000 3.04204
10 1.61493 2.93327 0.0300000 1.00000 3.04204
11 2.22229 1.06027 0.0300000 1.00000 3.04204
12 1.53187 3.08557 0.0300000 1.00000 3.04204
13 3.09531 2.88253 0.0300000 1.00000 3.04204
14 0.688791 2.49728 0.0300000 1.00000 3.04204
15 0.744019 1.53314 0.0300000 1.00000 3.04204
16 1.37118 1.21797 0.0300000 1.00000 3.04204
17 0.494328 2.22417 0.0300000 1.00000 3.04204
18 0.969053 0.440444 0.0300000 1.00000 3.04204
19 1.26967 1.61261 0.0300000 1.00000 3.04204
20 0.0390306 2.99169 0.0300000 1.00000 3.04204
75
1 1.44166 1.47023 0.0300000 1.00000 3.04204
2 3.08551 2.98032 0.0300000 1.00000 3.04204
3 1.90637 2.31840 0.0300000 1.00000 3.04204
4 2.38223 2.57007 0.0300000 1.00000 3.04204
5 2.49041 2.70114 0.0300000 1.00000 3.04204
6 1.15935 0.410750 0.0300000 1.00000 3.04204
7 1.93474 0.562559 0.0300000 1.00000 3.04204
8 3.04877 1.75072 0.0300000 1.00000 3.04204
9 2.05192 0.825641 0.0300000 1.00000 3.04204
10 1.58508 2.93625 0.0300000 1.00000 3.04204
11 2.19244 1.06325 0.0300000 1.00000 3.04204
12 1.50202 3.08855 0.0300000 1.00000 3.04204
13 3.06546 2.88552 0.0300000 1.00000 3.04204
14 0.658939 2.50026 0.0300000 1.00000 3.04204
15 0.714168 1.53612 0.0300000 1.00000 3.04204
16 1.34133 1.22095 0.0300000 1.00000 3.04204
17 0.464477 2.22716 0.0300000 1.00000 3.04204
18 0.939201 0.443425 0.0300000 1.00000 3.04204
19 1.23982 1.61559 0.0300000 1.00000 3.04204
20 0.00917916 2.99467 0.0300000 1.00000 3.04204
76
1 1.41181 1.47321 0.0300000 1.00000 3.04204
2 3.05566 2.98330 0.0300000 1.00000 3.04204
3 1.87651 2.32138 0.0300000 1.00000 3.04204
4 2.35237 2.57305 0.0300000 1.00000 3.04204
5 2.46056 2.70413 0.0300000 1.00000 3.04204
6 1.12950 0.413732 0.0300000 1.00000 3.04204
7 1.90489 0.565541 0.0300000 1.00000 3.04204
8 3.01892 1.75370 0.0300000 1.00000 3.04204
9 2.02206 0.828623 0.0300000 1.00000 3.04204
10 1.55523 2.93923 0.0300000 1.00000 3.04204
11 2.16259 1.06623 0.0300000 1.00000 3.04204
12 1.47217 3.09154 0.0300000 1.00000 3.04204
13 3.03561 2.88850 0.0300000 1.00000 3.04204
14 0.629088 2.50324 0.0300000 1.00000 3.04204
15 0.684316 1.53910 0.0300000 1.00000 3.04204
16 1.31147 1.22393 0.0300000 1.00000 3.04204
17 0.434625 2.23014 0.0300000 1.00000 3.04204
18 0.909350 0.446407 0.0300000 1.00000 3.04204
19 1.20997 1.61857 0.0300000 1.00000 3.04204
20 3.07933 2.99765 0.0300000 1.00000 3.04204
77
1 1.38196 1.47620 0.0300000 1.00000 3.04204
2 3.02581 2.98628 0.0300000 1.00000 3.04204
3 1.84666 2.32437 0.0300000 1.00000 3.04204
4 2.32252 2.57603 0.0300000 1.00000 3.04204
5 2.43071 2.70711 0.0300000 1.00000 3.04204
6 1.09965 0.416714 0.0300000 1.00000 3.04204
7 1.87504 0.568523 0.0300000 1.00000 3.04204
8 2.98906 1.75668 0.0300000 1.00000 3.04204
9 1.99221 0.831605 0.0300000 1.00000 3.04204
10 1.52538 2.94222 0.0300000 1.00000 3.04204
11 2.13274 1.06921 0.0300000 1.00000 3.04204
12 1.44232 3.09452 0.0300000 1.00000 3.04204
13 3.00576 2.89148 0.0300000 1.00000 3.04204
14 0.599237 2.50622 0.0300000 1.00000 3.04204
15 0.654465 1.54208 0.0300000 1.00000 3.04204
16 1.28162 1.22691 0.0300000 1.00000 3.04204
17 0.404774 2.23312 0.0300000 1.00000 3.04204
18 0.879498 0.449389 0.0300000 1.00000 3.04204
19 1.18012 1.62155 0.0300000 1.00000 3.04204
20 3.04948 3.00063 0.0300000 1.00000 3.04204
78
1 1.35210 1.47918 0.0300000 1.00000 3.04204
2 2.99596 2.98927 0.0300000 1.00000 3.04204
3 1.81681 2.32735 0.0300000 1.00000 3.04204
4 2.29267 2.57902 0.0300000 1.00000 3.04204
5 2.40086 2.71009 0.0300000 1.00000 3.04204
6 1.06980 0.419695 0.0300000 1.00000 3.04204
7 1.84519 0.571504 0.0300000 1.00000 3.04204
8 2.95921 1.75967 0.0300000 1.00000 3.04204
9 1.96236 0.834586 0.0300000 1.00000 3.04204
10 1.49552 2.94520 0.0300000 1.00000 3.04204
11 2.10289 1.07219 0.0300000 1.00000 3.04204
12 1.41247 3.09750 0.0300000 1.00000 3.04204
13 2.97591 2.89446 0.0300000 1.00000 3.04204
14 0.569385 2.50920 0.0300000 1.00000 3.04204
15 0.624614 1.54506 0.0300000 1.00000 3.04204
16 1.25177 1.22990 0.0300000 1.00000 3.04204
17 0.374922 2.23610 0.0300000 1.00000 3.04204
18 0.849647 0.452371 0.0300000 1.00000 3.04204
19 1.15026 1.62454 0.0300000 1.00000 3.04204
20 3.01962 3.00362 0.0300000 1.00000 3.04204
79
1 1.32225 1.48216 0.0300000 1.00000 3.04204
2 2.96611 2.99225 0.0300000 1.00000 3.04204
3 1.78696 2.33033 0.0300000 1.00000 3.04204
4 2.26282 2.58200 0.0300000 1.00000 3.04204
5 2.37101 2.71307 0.0300000 1.00000 3.04204
6 1.03995 0.422677 0.0300000 1.00000 3.04204
7 1.81534 0.574486 0.0300000 1.00000 3.04204
8 2.92936 1.76265 0.0300000 1.00000 3.04204
9 1.93251 0.837568 0.0300000 1.00000 3.04204
10 1.46567 2.94818 0.0300000 1.00000 3.04204
11 2.07304 1.07517 0.0300000 1.00000 3.04204
12 1.38262 0.000480976 0.0300000 1.00000 3.04204
13 2.94606 2.89744 0.0300000 1.00000 3.04204
14 0.539534 2.51219 0.0300000 1.00000 3.04204
15 0.594762 1.54805 0.0300000 1.00000 3.04204
16 1.22192 1.23288 0.0300000 1.00000 3.04204
17 0.345071 2.23908 0.0300000 1.00000 3.04204
18 0.819796 0.455353 0.0300000 1.00000 3.04204
19 1.12041 1.62752 0.0300000 1.00000 3.04204
20 2.98977 3.00660 0.0300000 1.00000 3.04204
80
1 1.29240 1.48514 0.0300000 1.00000 3.04204
2 2.93626 2.99523 0.0300000 1.00000 3.04204
3 1.75711 2.33331 0.0300000 1.00000 3.04204
4 2.23297 2.58498 0.0300000 1.00000 3.04204
5 2.34116 2.71605 0.0300000 1.00000 3.04204
6 1.01010 0.425659 0.0300000 1.00000 3.04204
7 1.78548 0.577468 0.0300000 1.00000 3.04204
8 2.89951 1.76563 0.0300000 1.00000 3.04204
9 1.90266 0.840550 0.0300000 1.00000 3.04204
10 1.43582 2.95116 0.0300000 1.00000 3.04204
11 2.04318 1.07816 0.0300000 1.00000 3.04204
12 1.35276 0.00346276 0.0300000 1.00000 3.04204
13 2.91621 2.90043 0.0300000 1.00000 3.04204
14 0.509682 2.51517 0.0300000 1.00000 3.04204
15 0.564911 1.55103 0.0300000 1.00000 3.04204
16 1.19207 1.23586 0.0300000 1.00000 3.04204
17 0.315219 2.24207 0.0300000 1.00000 3.04204
18 0.789944 0.458334 0.0300000 1.00000 3.04204
19 1.09056 1.63050 0.0300000 1.00000 3.04204
20 2.95992 3.00958 0.0300000 1.00000 3.04204
81
1 1.26255 1.48812 0.0300000 1.00000 3.04204
2 2.90640 2.99821 0.0300000 1.00000 3.04204
3 1.72726 2.33629 0.0300000 1.00000 3.04204
4 2.20312 2.58796 0.0300000 1.00000 3.04204
5 2.31130 2.71904 0.0300000 1.00000 3.04204
6 0.980244 0.428641 0.0300000 1.00000 3.04204
7 1.75563 0.580450 0.0300000 1.00000 3.04204
8 2.86966 1.76861 0.0300000 1.00000 3.04204
9 1.87281 0.843532 0.0300000 1.00000 3.04204
10 1.40597 2.95414 0.0300000 1.00000 3.04204
11 2.01333 1.08114 0.0300000 1.00000 3.04204
12 1.32291 0.00644455 0.0300000 1.00000 3.04204
13 2.88635 2.90341 0.0300000 1.00000 3.04204
14 0.479831 2.51815 0.0300000 1.00000 3.04204
15 0.535059 1.55401 0.0300000 1.00000 3.04204
16 1.16222 1.23884 0.0300000 1.00000 3.04204
17 0.285368 2.24505 0.0300000 1.00000 3.04204
18 0.760093 0.461316 0.0300000 1.00000 3.04204
19 1.06071 1.63348 0.0300000 1.00000 3.04204
20 2.93007 3.01256 0.0300000 1.00000 3.04204
82
1 1.23270 1.49110 0.0300000 1.00000 3.04204
2 2.87655 3.00119 0.0300000 1.00000 3.04204
3 1.69741 2.33927 0.0300000 1.00000 3.04204
4 2.17327 2.59094 0.0300000 1.00000 3.04204
5 2.28145 2.72202 0.0300000 1.00000 3.04204
6 0.950392 0.431623 0.0300000 1.00000 3.04204
7 1.72578 0.583431 0.0300000 1.00000 3.04204
8 2.83981 1.77159 0.0300000 1.00000 3.04204
9 1.84295 0.846514 0.0300000 1.00000 3.04204
10 1.37612 2.95712 0.0300000 1.00000 3.04204
11 1.98348 1.08412 0.0300000 1.00000 3.04204
12 1.29306 0.00942634 0.0300000 1.00000 3.04204
13 2.85650 2.90639 0.0300000 1.00000 3.04204
14 0.449979 2.52113 0.0300000 1.00000 3.04204
15 0.505208 1.55699 0.0300000 1.00000 3.04204
16 1.13237 1.24182 0.0300000 1.00000 3.04204
17 0.255516 2.24803 0.0300000 1.00000 3.04204
18 0.730241 0.464298 0.0300000 1.00000 3.04204
19 1.03086 1.63646 0.0300000 1.00000 3.04204
20 2.90022 3.01554 0.0300000 1.00000 3.04204
83
1 1.20285 1.49409 0.0300000 1.00000 3.04204
2 2.84670 3.00417 0.0300000 1.00000 3.04204
3 1.66755 2.34226 0.0300000 1.00000 3.04204
4 2.14341 2.59393 0.0300000 1.00000 3.04204
5 2.25160 2.72500 0.0300000 1.00000 3.04204
6 0.920541 0.434604 0.0300000 1.00000 3.04204
7 1.69593 0.586413 0.0300000 1.00000 3.04204
8 2.80996 1.77457 0.0300000 1.00000 3.04204
9 1.81310 0.849495 0.0300000 1.00000 3.04204
10 1.34627 2.96011 0.0300000 1.00000 3.04204
11 1.95363 1.08710 0.0300000 1.00000 3.04204
12 1.26321 0.0124081 0.0300000 1.00000 3.04204
13 2.82665 2.90937 0.0300000 1.00000 3.04204
14 0.420128 2.52411 0.0300000 1.00000 3.04204
15 0.475356 1.55997 0.0300000 1.00000 3.04204
16 1.10251 1.24481 0.0300000 1.00000 3.04204
17 0.225665 2.25101 0.0300000 1.00000 3.04204
18 0.700390 0.467280 0.0300000 1.00000 3.04204
19 1.00101 1.63944 0.0300000 1.00000 3.04204
20 2.87037 3.01853 0.0300000 1.00000 3.04204
84
1 1.17300 1.49707 0.0300000 1.00000 3.04204
2 2.81685 3.00716 0.0300000 1.00000 3.04204
3 1.63770 2.34524 0.0300000 1.00000 3.04204
4 2.11356 2.59691 0.0300000 1.00000 3.04204
5 2.22175 2.72798 0.0300000 1.00000 3.04204
6 0.890689 0.437586 0.0300000 1.00000 3.04204
7 1.66608 0.589395 0.0300000 1.00000 3.04204
8 2.78010 1.77756 0.0300000 1.00000 3.04204
9 1.78325 0.852477 0.0300000 1.00000 3.04204
10 1.31642 2.96309 0.0300000 1.00000 3.04204
11 1.92378 1.09008 0.0300000 1.00000 3.04204
12 1.23336 0.0153899 0.0300000 1.00000 3.04204
13 2.79680 2.91235 0.0300000 1.00000 3.04204
14 0.390276 2.52709 0.0300000 1.00000 3.04204
15 0.445505 1.56296 0.0300000 1.00000 3.04204
16 1.07266 1.24779 0.0300000 1.00000 3.04204
17 0.195814 2.25399 0.0300000 1.00000 3.04204
18 0.670538 0.470262 0.0300000 1.00000 3.04204
19 0.971156 1.64243 0.0300000 1.00000 3.04204
20 2.84052 3.02151 0.0300000 1.00000 3.04204
85
1 1.14314 1.50005 0.0300000 1.00000 3.04204
2 2.78700 3.01014 0.0300000 1.00000 3.04204
3 1.60785 2.34822 0.0300000 1.00000 3.04204
4 2.08371 2.59989 0.0300000 1.00000 3.04204
5 2.19190 2.73096 0.0300000 1.00000 3.04204
6 0.860838 0.440568 0.0300000 1.00000 3.04204
7 1.63623 0.592377 0.0300000 1.00000 3.04204
8 2.75025 1.78054 0.0300000 1.00000 3.04204
9 1.75340 0.855459 0.0300000 1.00000 3.04204
10 1.28656 2.96607 0.0300000 1.00000 3.04204
11 1.89393 1.09307 0.0300000 1.00000 3.04204
12 1.20351 0.0183717 0.0300000 1.00000 3.04204
13 2.76695 2.91533 0.0300000 1.00000 3.04204
14 0.360425 2.53008 0.0300000 1.00000 3.04204
15 0.415653 1.56594 0.0300000 1.00000 3.04204
16 1.04281 1.25077 0.0300000 1.00000 3.04204
17 0.165962 2.25697 0.0300000 1.00000 3.04204
18 0.640687 0.473243 0.0300000 1.00000 3.04204
19 0.941305 1.64541 0.0300000 1.00000 3.04204
20 2.81066 3.02449 0.0300000 1.00000 3.04204
86
1 1.11329 1.50303 0.0300000 1.00000 3.04204
2 2.75715 3.01312 0.0300000 1.00000 3.04204
3 1.57800 2.35120 0.0300000 1.00000 3.04204
4 2.05386 2.60287 0.0300000 1.00000 3.04204
5 2.16205 2.73394 0.0300000 1.00000 3.04204
6 0.830986 0.443550 0.0300000 1.00000 3.04204
7 1.60638 0.595359 0.0300000 1.00000 3.04204
8 2.72040 1.78352 0.0300000 1.00000 3.04204
9 1.72355 0.858441 0.0300000 1.00000 3.04204
10 1.25671 2.96905 0.0300000 1.00000 3.04204
11 1.86408 1.09605 0.0300000 1.00000 3.04204
12 1.17366 0.0213535 0.0300000 1.00000 3.04204
13 2.73710 2.91832 0.0300000 1.00000 3.04204
14 0.330573 2.53306 0.0300000 1.00000 3.04204
15 0.385802 1.56892 0.0300000 1.00000 3.04204
16 1.01296 1.25375 0.0300000 1.00000 3.04204
17 0.136111 2.25996 0.0300000 1.00000 3.04204
18 0.610835 0.476225 0.0300000 1.00000 3.04204
19 0.911453 1.64839 0.0300000 1.00000 3.04204
20 2.78081 3.02747 0.0300000 1.00000 3.04204
87
1 1.08344 1.50601 0.0300000 1.00000 3.04204
2 2.72730 3.01610 0.0300000 1.00000 3.04204
3 1.54815 2.35418 0.0300000 1.00000 3.04204
4 2.02401 2.60585 0.0300000 1.00000 3.04204
5 2.13220 2.73693 0.0300000 1.00000 3.04204
6 0.801135 0.446532 0.0300000 1.00000 3.04204
7 1.57652 0.598340 0.0300000 1.00000 3.04204
8 2.69055 1.78650 0.0300000 1.00000 3.04204
9 1.69370 0.861423 0.0300000 1.00000 3.04204
10 1.22686 2.97203 0.0300000 1.00000 3.04204
11 1.83422 1.09903 0.0300000 1.00000 3.04204
12 1.14380 0.0243353 0.0300000 1.00000 3.04204
13 2.70725 2.92130 0.0300000 1.00000 3.04204
14 0.300722 2.53604 0.0300000 1.00000 3.04204
15 0.355950 1.57190 0.0300000 1.00000 3.04204
16 0.983108 1.25673 0.0300000 1.00000 3.04204
17 0.106259 2.26294 0.0300000 1.00000 3.04204
18 0.580984 0.479207 0.0300000 1.00000 3.04204
19 0.881602 1.65137 0.0300000 1.00000 3.04204
20 2.75096 3.03045 0.0300000 1.00000 3.04204
88
1 1.05359 1.50899 0.0300000 1.00000 3.04204
2 2.69744 3.01908 0.0300000 1.00000 3.04204
3 1.51830 2.35717 0.0300000 1.00000 3.04204
4 1.99416 2.60883 0.0300000 1.00000 3.04204
5 2.10234 2.73991 0.0300000 1.00000 3.04204
6 0.771284 0.449513 0.0300000 1.00000 3.04204
7 1.54667 0.601322 0.0300000 1.00000 3.04204
8 2.66070 1.78948 0.0300000 1.00000 3.04204
9 1.66385 0.864404 0.0300000 1.00000 3.04204
10 1.19701 2.97501 0.0300000 1.00000 3.04204
11 1.80437 1.10201 0.0300000 1.00000 3.04204
12 1.11395 0.0273171 0.0300000 1.00000 3.04204
13 2.67739 2.92428 0.0300000 1.00000 3.04204
14 0.270871 2.53902 0.0300000 1.00000 3.04204
15 0.326099 1.57488 0.0300000 1.00000 3.04204
16 0.953256 1.25971 0.0300000 1.00000 3.04204
17 0.0764078 2.26592 0.0300000 1.00000 3.04204
18 0.551133 0.482189 0.0300000 1.00000 3.04204
19 0.851750 1.65435 0.0300000 1.00000 3.04204
20 2.72111 3.03343 0.0300000 1.00000 3.04204
89
1 1.02374 1.51198 0.0300000 1.00000 3.04204
2 2.66759 3.02206 0.0300000 1.00000 3.04204
3 1.48845 2.36015 0.0300000 1.00000 3.04204
4 1.96430 2.61182 0.0300000 1.00000 3.04204
5 2.07249 2.74289 0.0300000 1.00000 3.04204
6 0.741432 0.452495 0.0300000 1.00000 3.04204
7 1.51682 0.604304 0.0300000 1.00000 3.04204
8 2.63085 1.79246 0.0300000 1.00000 3.04204
9 1.63399 0.867386 0.0300000 1.00000 3.04204
10 1.16716 2.97800 0.0300000 1.00000 3.04204
11 1.77452 1.10499 0.0300000 1.00000 3.04204
12 1.08410 0.0302988 0.0300000 1.00000 3.04204
13 2.64754 2.92726 0.0300000 1.00000 3.04204
14 0.241019 2.54200 0.0300000 1.00000 3.04204
15 0.296248 1.57786 0.0300000 1.00000 3.04204
16 0.923405 1.26270 0.0300000 1.00000 3.04204
17 0.0465564 2.26890 0.0300000 1.00000 3.04204
18 0.521281 0.485170 0.0300000 1.00000 3.04204
19 0.821899 1.65734 0.0300000 1.00000 3.04204
20 2.69126 3.03642 0.0300000 1.00000 3.04204
90
1 0.993887 1.51496 0.0300000 1.00000 3.04204
2 2.63774 3.02505 0.0300000 1.00000 3.04204
3 1.45859 2.36313 0.0300000 1.00000 3.04204
4 1.93445 2.61480 0.0300000 1.00000 3.04204
5 2.04264 2.74587 0.0300000 1.00000 3.04204
6 0.711581 0.455477 0.0300000 1.00000 3.04204
7 1.48697 0.607286 0.0300000 1.00000 3.04204
8 2.60100 1.79545 0.0300000 1.00000 3.04204
9 1.60414 0.870368 0.0300000 1.00000 3.04204
10 1.13731 2.98098 0.0300000 1.00000 3.04204
11 1.74467 1.10797 0.0300000 1.00000 3.04204
12 1.05425 0.0332806 0.0300000 1.00000 3.04204
13 2.61769 2.93024 0.0300000 1.00000 3.04204
14 0.211168 2.54499 0.0300000 1.00000 3.04204
15 0.266396 1.58085 0.0300000 1.00000 3.04204
16 0.893554 1.26568 0.0300000 1.00000 3.04204
17 0.0167049 2.27188 0.0300000 1.00000 3.04204
18 0.491430 0.488152 0.0300000 1.00000 3.04204
19 0.792047 1.66032 0.0300000 1.00000 3.04204
20 2.66141 3.03940 0.0300000 1.00000 3.04204
91
1 0.964035 1.51794 0.0300000 1.00000 3.04204
2 2.60789 3.02803 0.0300000 1.00000 3.04204
3 1.42874 2.36611 0.0300000 1.00000 3.04204
4 1.90460 2.61778 0.0300000 1.00000 3.04204
5 2.01279 2.74885 0.0300000 1.00000 3.04204
6 0.681729 0.458459 0.0300000 1.00000 3.04204
7 1.45712 0.610268 0.0300000 1.00000 3.04204
8 2.57114 1.79843 0.0300000 1.00000 3.04204
9 1.57429 0.873350 0.0300000 1.00000 3.04204
10 1.10746 2.98396 0.0300000 1.00000 3.04204
11 1.71482 1.11096 0.0300000 1.00000 3.04204
12 1.02440 0.0362624 0.0300000 1.00000 3.04204
13 2.58784 2.93322 0.0300000 1.00000 3.04204
14 0.181316 2.54797 0.0300000 1.00000 3.04204
15 0.236545 1.58383 0.0300000 1.00000 3.04204
16 0.863702 1.26866 0.0300000 1.00000 3.04204
17 3.08685 2.27487 0.0300000 1.00000 3.04204
18 0.461578 0.491134 0.0300000 1.00000 3.04204
19 0.762196 1.66330 0.0300000 1.00000 3.04204
20 2.63156 3.04238 0.0300000 1.00000 3.04204
92
1 0.934184 1.52092 0.0300000 1.00000 3.04204
2 2.57804 3.03101 0.0300000 1.00000 3.04204
3 1.39889 2.36909 0.0300000 1.00000 3.04204
4 1.87475 2.62076 0.0300000 1.00000 3.04204
5 1.98294 2.75183 0.0300000 1.00000 3.04204
6 0.651878 0.461440 0.0300000 1.00000 3.04204
7 1.42727 0.613249 0.0300000 1.00000 3.04204
8 2.54129 1.80141 0.0300000 1.00000 3.04204
9 1.54444 0.876331 0.0300000 1.00000 3.04204
10 1.07760 2.98694 0.0300000 1.00000 3.04204
11 1.68497 1.11394 0.0300000 1.00000 3.04204
12 0.994547 0.0392442 0.0300000 1.00000 3.04204
13 2.55799 2.93621 0.0300000 1.00000 3.04204
14 0.151465 2.55095 0.0300000 1.00000 3.04204
15 0.206693 1.58681 0.0300000 1.00000 3.04204
16 0.833851 1.27164 0.0300000 1.00000 3.04204
17 3.05700 2.27785 0.0300000 1.00000 3.04204
18 0.431727 0.494116 0.0300000 1.00000 3.04204
19 0.732344 1.66628 0.0300000 1.00000 3.04204
20 2.60170 3.04536 0.0300000 1.00000 3.04204
93
1 0.904332 1.52390 0.0300000 1.00000 3.04204
2 2.54819 3.03399 0.0300000 1.00000 3.04204
3 1.36904 2.37207 0.0300000 1.00000 3.04204
4 1.84490 2.62374 0.0300000 1.00000 3.04204
5 1.95309 2.75482 0.0300000 1.00000 3.04204
6 0.622026 0.464422 0.0300000 1.00000 3.04204
7 1.39742 0.616231 0.0300000 1.00000 3.04204
8 2.51144 1.80439 0.0300000 1.00000 3.04204
9 1.51459 0.879313 0.0300000 1.00000 3.04204
10 1.04775 2.98992 0.0300000 1.00000 3.04204
11 1.65511 1.11692 0.0300000 1.00000 3.04204
12 0.964696 0.0422260 0.0300000 1.00000 3.04204
13 2.52814 2.93919 0.0300000 1.00000 3.04204
14 0.121613 2.55393 0.0300000 1.00000 3.04204
15 0.176842 1.58979 0.0300000 1.00000 3.04204
16 0.803999 1.27462 0.0300000 1.00000 3.04204
17 3.02715 2.28083 0.0300000 1.00000 3.04204
18 0.401875 0.497098 0.0300000 1.00000 3.04204
19 0.702493 1.66926 0.0300000 1.00000 3.04204
20 2.57185 3.04834 0.0300000 1.00000 3.04204
94
1 0.874481 1.52689 0.0300000 1.00000 3.04204
2 2.51834 3.03697 0.0300000 1.00000 3.04204
3 1.33919 2.37506 0.0300000 1.00000 3.04204
4 1.81505 2.62672 0.0300000 1.00000 3.04204
5 1.92323 2.75780 0.0300000 1.00000 3.04204
6 0.592175 0.467404 0.0300000 1.00000 3.04204
7 1.36756 0.619213 0.0300000 1.00000 3.04204
8 2.48159 1.80737 0.0300000 1.00000 3.04204
9 1.48474 0.882295 0.0300000 1.00000 3.04204
10 1.01790 2.99291 0.0300000 1.00000 3.04204
11 1.62526 1.11990 0.0300000 1.00000 3.04204
12 0.934844 0.0452078 0.0300000 1.00000 3.04204
13 2.49829 2.94217 0.0300000 1.00000 3.04204
14 0.0917619 2.55691 0.0300000 1.00000 3.04204
15 0.146990 1.59277 0.0300000 1.00000 3.04204
16 0.774148 1.27760 0.0300000 1.00000 3.04204
17 2.99730 2.28381 0.0300000 1.00000 3.04204
18 0.372024 0.500079 0.0300000 1.00000 3.04204
19 0.672642 1.67224 0.0300000 1.00000 3.04204
20 2.54200 3.05133 0.0300000 1.00000 3.04204
95
1 0.844629 1.52987 0.0300000 1.00000 3.04204
2 2.48848 3.03996 0.0300000 1.00000 3.04204
3 1.30934 2.37804 0.0300000 1.00000 3.04204
4 1.78520 2.62971 0.0300000 1.00000 3.04204
5 1.89338 2.76078 0.0300000 1.00000 3.04204
6 0.562323 0.470386 0.0300000 1.00000 3.04204
7 1.33771 0.622195 0.0300000 1.00000 3.04204
8 2.45174 1.81036 0.0300000 1.00000 3.04204
9 1.45489 0.885277 0.0300000 1.00000 3.04204
10 0.988049 2.99589 0.0300000 1.00000 3.04204
11 1.59541 1.12288 0.0300000 1.00000 3.04204
12 0.904993 0.0481896 0.0300000 1.00000 3.04204
13 2.46843 2.94515 0.0300000 1.00000 3.04204
14 0.0619104 2.55989 0.0300000 1.00000 3.04204
15 0.117139 1.59576 0.0300000 1.00000 3.04204
16 0.744296 1.28059 0.0300000 1.00000 3.04204
17 2.96745 2.28679 0.0300000 1.00000 3.04204
18 0.342172 0.503061 0.0300000 1.00000 3.04204
19 0.642790 1.67523 0.0300000 1.00000 3.04204
20 2.51215 3.05431 0.0300000 1.00000 3.04204
96
1 0.814778 1.53285 0.0300000 1.00000 3.04204
2 2.45863 3.04294 0.0300000 1.00000 3.04204
3 1.27949 2.38102 0.0300000 1.00000 3.04204
4 1.75534 2.63269 0.0300000 1.00000 3.04204
5 1.86353 2.76376 0.0300000 1.00000 3.04204
6 0.532472 0.473368 0.0300000 1.00000 3.04204
7 1.30786 0.625176 0.0300000 1.00000 3.04204
8 2.42189 1.81334 0.0300000 1.00000 3.04204
9 1.42503 0.888259 0.0300000 1.00000 3.04204
10 0.958198 2.99887 0.0300000 1.00000 3.04204
11 1.56556 1.12586 0.0300000 1.00000 3.04204
12 0.875141 0.0511713 0.0300000 1.00000 3.04204
13 2.43858 2.94813 0.0300000 1.00000 3.04204
14 0.0320590 2.56288 0.0300000 1.00000 3.04204
15 0.0872875 1.59874 0.0300000 1.00000 3.04204
16 0.714445 1.28357 0.0300000 1.00000 3.04204
17 2.93760 2.28977 0.0300000 1.00000 3.04204
18 0.312321 0.506043 0.0300000 1.00000 3.04204
19 0.612939 1.67821 0.0300000 1.00000 3.04204
20 2.48230 3.05729 0.0300000 1.00000 3.04204
97
1 0.784927 1.53583 0.0300000 1.00000 3.04204
2 2.42878 3.04592 0.0300000 1.00000 3.04204
3 1.24963 2.38400 0.0300000 1.00000 3.04204
4 1.72549 2.63567 0.0300000 1.00000 3.04204
5 1.83368 2.76674 0.0300000 1.00000 3.04204
6 0.502620 0.476349 0.0300000 1.00000 3.04204
7 1.27801 0.628158 0.0300000 1.00000 3.04204
8 2.39204 1.81632 0.0300000 1.00000 3.04204
9 1.39518 0.891240 0.0300000 1.00000 3.04204
10 0.928346 3.00185 0.0300000 1.00000 3.04204
11 1.53571 1.12885 0.0300000 1.00000 3.04204
12 0.845290 0.0541531 0.0300000 1.00000 3.04204
13 2.40873 2.95112 0.0300000 1.00000 3.04204
14 0.00220755 2.56586 0.0300000 1.00000 3.04204
15 0.0574360 1.60172 0.0300000 1.00000 3.04204
16 0.684593 1.28655 0.0300000 1.00000 3.04204
17 2.90774 2.29276 0.0300000 1.00000 3.04204
18 0.282469 0.509025 0.0300000 1.00000 3.04204
19 0.583087 1.68119 0.0300000 1.00000 3.04204
20 2.45245 3.06027 0.0300000 1.00000 3.04204
98
1 0.755075 1.53881 0.0300000 1.00000 3.04204
2 2.39893 3.04890 0.0300000 1.00000 3.04204
3 1.21978 2.38698 0.0300000 1.00000 3.04204
4 1.69564 2.63865 0.0300000 1.00000 3.04204
5 1.80383 2.76973 0.0300000 1.00000 3.04204
6 0.472769 0.479331 0.0300000 1.00000 3.04204
7 1.24816 0.631140 0.0300000 1.00000 3.04204
8 2.36218 1.81930 0.0300000 1.00000 3.04204
9 1.36533 0.894222 0.0300000 1.00000 3.04204
10 0.898495 3.00483 0.0300000 1.00000 3.04204
11 1.50586 1.13183 0.0300000 1.00000 3.04204
12 0.815438 0.0571349 0.0300000 1.00000 3.04204
13 2.37888 2.95410 0.0300000 1.00000 3.04204
14 3.07236 2.56884 0.0300000 1.00000 3.04204
15 0.0275846 1.60470 0.0300000 1.00000 3.04204
16 0.654742 1.28953 0.0300000 1.00000 3.04204
17 2.87789 2.29574 0.0300000 1.00000 3.04204
18 0.252618 0.512007 0.0300000 1.00000 3.04204
19 0.553236 1.68417 0.0300000 1.00000 3.04204
20 2.42260 3.06325 0.0300000 1.00000 3.04204
99
1 0.725224 1.54179 0.0300000 1.00000 3.04204
2 2.36908 3.05188 0.0300000 1.00000 3.04204
3 1.18993 2.38997 0.0300000 1.00000 3.04204
4 1.66579 2.64163 0.0300000 1.00000 3.04204
5 1.77398 2.77271 0.0300000 1.00000 3.04204
6 0.442918 0.482313 0.0300000 1.00000 3.04204
7 1.21831 0.634122 0.0300000 1.00000 3.04204
8 2.33233 1.82228 0.0300000 1.00000 3.04204
9 1.33548 0.897204 0.0300000 1.00000 3.04204
10 0.868644 3.00781 0.0300000 1.00000 3.04204
11 1.47601 1.13481 0.0300000 1.00000 3.04204
12 0.785587 0.0601167 0.0300000 1.00000 3.04204
13 2.34903 2.95708 0.0300000 1.00000 3.04204
14 3.04250 2.57182 0.0300000 1.00000 3.04204
15 3.09773 1.60768 0.0300000 1.00000 3.04204
16 0.624891 1.29251 0.0300000 1.00000 3.04204
17 2.84804 2.29872 0.0300000 1.00000 3.04204
18 0.222767 0.514988 0.0300000 1.00000 3.04204
19 0.523384 1.68715 0.0300000 1.00000 3.04204
20 2.39274 3.06623 0.0300000 1.00000 3.04204
