0
1 55.2254 81.5577 1.00000 1.00000 -2.76520
2 93.8657 63.4610 1.00000 1.00000 -3.11100
3 18.4286 48.7315 1.00000 1.00000 -1.91224
4 12.4624 54.2979 1.00000 1.00000 -1.72141
5 81.7217 72.4326 1.00000 1.00000 2.49755
6 40.0474 10.9657 1.00000 1.00000 0.0162205
7 11.2663 16.7929 1.00000 1.00000 0.323960
8 61.3992 39.2435 1.00000 1.00000 0.233775
9 44.6321 10.3191 1.00000 1.00000 -1.15500
10 40.3540 49.0164 1.00000 1.00000 0.0674122
11 75.1393 2.12141 1.00000 1.00000 2.88067
12 13.5674 85.8919 1.00000 1.00000 -2.57996
13 20.5291 0.100483 1.00000 1.00000 -2.39900
14 77.0975 3.51985 1.00000 1.00000 -0.525584
15 68.3983 35.1270 1.00000 1.00000 -1.45991
16 98.9501 10.6052 1.00000 1.00000 -1.93345
17 47.7958 71.1891 1.00000 1.00000 -2.69924
18 73.0739 95.9938 1.00000 1.00000 -1.19487
19 42.5183 46.4620 1.00000 1.00000 -0.909047
20 87.0618 35.0398 1.00000 1.00000 2.31579
21 4.30857 11.5547 1.00000 1.00000 1.83557
22 92.2531 23.2413 1.00000 1.00000 -1.86977
23 49.3571 22.6155 1.00000 1.00000 0.220557
24 76.1250 5.32536 1.00000 1.00000 -1.51396
25 34.5207 33.6495 1.00000 1.00000 0.176962
26 59.7857 75.7138 1.00000 1.00000 -3.11817
27 59.5390 23.1725 1.00000 1.00000 -2.11477
28 56.9722 35.6859 1.00000 1.00000 1.36950
29 26.9284 55.7817 1.00000 1.00000 0.124537
30 0.443195 56.5017 1.00000 1.00000 -2.32098
31 46.4078 18.2292 1.00000 1.00000 -0.482976
32 96.4955 99.0806 1.00000 1.00000 -1.40098
33 40.9283 28.5479 1.00000 1.00000 -1.83667
34 88.4030 97.0772 1.00000 1.00000 -2.41422
35 89.6264 64.2770 1.00000 1.00000 0.246198
36 44.8099 52.4493 1.00000 1.00000 -2.86341
37 61.5159 91.8861 1.00000 1.00000 1.89098
38 76.9837 11.5824 1.00000 1.00000 -2.43164
39 82.3456 75.4256 1.00000 1.00000 -2.33355
40 33.8445 87.3925 1.00000 1.00000 0.144068
41 89.4203 84.6660 1.00000 1.00000 2.08457
42 61.7530 57.6087 1.00000 1.00000 1.60362
43 79.6566 11.5429 1.00000 1.00000 2.97695
44 9.08081 40.7158 1.00000 1.00000 1.79465
45 50.7701 9.48696 1.00000 1.00000 -2.03030
46 13.8473 57.9650 1.00000 1.00000 -0.548816
47 52.9076 62.4250 1.00000 1.00000 -2.57390
48 53.7380 25.0700 1.00000 1.00000 2.64351
49 54.7895 89.4444 1.00000 1.00000 1.09721
50 33.5818 31.1267 1.00000 1.00000 0.126169
51 31.5743 90.6269 1.00000 1.00000 -2.45125
52 68.3213 27.0721 1.00000 1.00000 -2.00918
53 60.8873 82.4244 1.00000 1.00000 2.46381
54 39.8786 77.9227 1.00000 1.00000 -1.28136
55 31.6678 95.5810 1.00000 1.00000 0.449894
56 19.7480 4.86343 1.00000 1.00000 1.90182
57 66.9042 8.26294 1.00000 1.00000 1.91635
58 34.9718 87.0393 1.00000 1.00000 2.26805
59 20.7010 38.0556 1.00000 1.00000 0.0630524
60 53.2785 75.8799 1.00000 1.00000 0.375399
61 41.8870 18.3268 1.00000 1.00000 -2.24929
62 64.3010 33.9107 1.00000 1.00000 -0.145537
63 17.8814 47.8389 1.00000 1.00000 0.411919
64 94.9666 29.7081 1.00000 1.00000 1.13970
65 4.54011 8.36424 1.00000 1.00000 2.61999
66 5.81232 30.1567 1.00000 1.00000 -0.759701
67 65.5698 17.6534 1.00000 1.00000 2.39633
68 60.1362 99.9599 1.00000 1.00000 2.84356
69 90.1614 57.1013 1.00000 1.00000 -1.74618
70 52.0330 56.0868 1.00000 1.00000 -0.324178
71 48.0929 49.0393 1.00000 1.00000 -0.0563921
72 77.3519 95.0471 1.00000 1.00000 -0.358035
73 47.7242 54.3912 1.00000 1.00000 1.19387
74 1.03797 9.86751 1.00000 1.00000 1.76317
75 13.3826 0.525102 1.00000 1.00000 0.0612907
76 8.61762 61.8267 1.00000 1.00000 0.201605
77 76.6342 25.7681 1.00000 1.00000 -2.22208
78 53.8460 17.7659 1.00000 1.00000 -2.80620
79 73.6478 89.8667 1.00000 1.00000 1.80015
80 42.5816 3.55469 1.00000 1.00000 0.766186
81 15.3297 6.74014 1.00000 1.00000 2.32024
82 83.8394 35.6928 1.00000 1.00000 -0.248965
83 78.0810 82.3477 1.00000 1.00000 2.56106
84 0.272692 89.2880 1.00000 1.00000 -1.91520
85 18.2685 25.3894 1.00000 1.00000 0.316441
86 73.4543 42.8710 1.00000 1.00000 2.43263
87 89.2060 62.9069 1.00000 1.00000 0.275282
88 43.5098 44.5634 1.00000 1.00000 1.04845
89 45.0455 19.5619 1.00000 1.00000 -0.482976
90 91.9738 9.53391 1.00000 1.00000 2.74792
91 45.0496 38.3571 1.00000 1.00000 2.69910
92 71.1493 58.7011 1.00000 1.00000 1.92300
93 70.6987 59.3894 1.00000 1.00000 2.80102
94 88.4691 50.5830 1.00000 1.00000 -0.731792
95 66.9266 60.3684 1.00000 1.00000 1.45446
96 19.7940 48.7094 1.00000 1.00000 -1.91224
97 23.9626 27.0452 1.00000 1.00000 -2.73978
98 48.2886 49.3797 1.00000 1.00000 -0.0563921
99 88.6992 75.7368 1.00000 1.00000 2.25870
100 65.6313 46.3301 1.00000 1.00000 2.45362
1
1 54.2954 81.1901 1.00000 1.00000 -2.76520
2 92.8662 63.4304 1.00000 1.00000 -3.11100
3 18.0937 47.7892 1.00000 1.00000 -1.40610
4 12.3123 53.3092 1.00000 1.00000 -1.72141
5 80.9220 73.0330 1.00000 1.00000 2.49755
6 41.0473 10.9819 1.00000 1.00000 0.0162205
7 12.2143 17.1112 1.00000 1.00000 0.323960
8 62.3720 39.4751 1.00000 1.00000 0.233775
9 45.0360 9.40431 1.00000 1.00000 -1.15500
10 41.3517 49.0838 1.00000 1.00000 0.0674122
11 74.1731 2.37939 1.00000 1.00000 2.88067
12 12.7210 85.3593 1.00000 1.00000 -2.57996
13 19.7924 99.4243 1.00000 1.00000 -2.39900
14 77.9625 3.01813 1.00000 1.00000 -0.525584
15 68.5089 34.1331 1.00000 1.00000 -1.45991
16 98.5954 9.67027 1.00000 1.00000 -1.93345
17 46.8921 70.7610 1.00000 1.00000 -2.69924
18 73.4411 95.0636 1.00000 1.00000 -1.19487
19 43.1328 45.6731 1.00000 1.00000 -0.909047
20 86.3838 35.7749 1.00000 1.00000 2.31579
21 4.04688 12.5198 1.00000 1.00000 1.83557
22 91.9586 22.2857 1.00000 1.00000 -1.86977
23 50.3329 22.8342 1.00000 1.00000 0.220557
24 76.1818 4.32698 1.00000 1.00000 -1.51396
25 35.5051 33.8256 1.00000 1.00000 0.176962
26 58.7859 75.6904 1.00000 1.00000 -3.11817
27 59.0215 22.3168 1.00000 1.00000 -2.11477
28 57.1722 36.6657 1.00000 1.00000 1.36950
29 27.9206 55.9059 1.00000 1.00000 0.124537
30 99.7614 55.7701 1.00000 1.00000 -2.32098
31 47.2934 17.7647 1.00000 1.00000 -0.482976
32 96.6645 98.0950 1.00000 1.00000 -1.40098
33 40.6655 27.5831 1.00000 1.00000 -1.83667
34 87.6561 96.4123 1.00000 1.00000 -2.41422
35 90.5963 64.5207 1.00000 1.00000 0.246198
36 43.8483 52.1747 1.00000 1.00000 -2.86341
37 61.2012 92.8353 1.00000 1.00000 1.89098
38 76.2253 10.9306 1.00000 1.00000 -2.43164
39 81.6547 74.7027 1.00000 1.00000 -2.33355
40 34.8341 87.5361 1.00000 1.00000 1.20606
41 88.9288 85.5369 1.00000 1.00000 2.08457
42 61.7202 58.6082 1.00000 1.00000 1.60362
43 78.6702 11.7068 1.00000 1.00000 2.97695
44 8.85882 41.6909 1.00000 1.00000 1.79465
45 50.3266 8.59069 1.00000 1.00000 -2.03030
46 14.7004 57.4433 1.00000 1.00000 -0.548816
47 52.0644 61.8873 1.00000 1.00000 -2.57390
48 52.8595 25.5477 1.00000 1.00000 2.64351
49 55.2456 90.3343 1.00000 1.00000 1.09721
50 34.5739 31.2525 1.00000 1.00000 0.126169
51 30.8033 89.9901 1.00000 1.00000 -2.45125
52 67.8969 26.1667 1.00000 1.00000 -2.00918
53 60.1083 83.0515 1.00000 1.00000 2.46381
54 40.1640 76.9643 1.00000 1.00000 -1.28136
55 32.5683 96.0159 1.00000 1.00000 0.449894
56 19.4229 5.80914 1.00000 1.00000 1.90182
57 66.5655 9.20383 1.00000 1.00000 1.91635
58 34.3297 87.8059 1.00000 1.00000 1.20606
59 21.6990 38.1186 1.00000 1.00000 0.0630524
60 54.2089 76.2466 1.00000 1.00000 0.375399
61 41.2593 17.5482 1.00000 1.00000 -2.24929
62 65.2905 33.7657 1.00000 1.00000 -0.145537
63 18.7977 48.2393 1.00000 1.00000 -0.750158
64 95.3844 30.6166 1.00000 1.00000 1.13970
65 3.67309 8.86251 1.00000 1.00000 2.61999
66 6.53736 29.4680 1.00000 1.00000 -0.759701
67 64.8348 18.3315 1.00000 1.00000 2.39633
68 59.1803 0.253540 1.00000 1.00000 2.84356
69 89.9869 56.1167 1.00000 1.00000 -1.74618
70 52.9809 55.7683 1.00000 1.00000 -0.324178
71 49.0914 48.9829 1.00000 1.00000 -0.0563921
72 78.2885 94.6967 1.00000 1.00000 -0.358035
73 48.0923 55.3210 1.00000 1.00000 1.19387
74 0.846776 10.8491 1.00000 1.00000 1.76317
75 14.3807 0.586354 1.00000 1.00000 0.0612907
76 9.59736 62.0269 1.00000 1.00000 0.201605
77 76.0280 24.9728 1.00000 1.00000 -2.22208
78 52.9017 17.4368 1.00000 1.00000 -2.80620
79 73.4204 90.8405 1.00000 1.00000 1.80015
80 43.3022 4.24808 1.00000 1.00000 0.766186
81 14.6485 7.47221 1.00000 1.00000 2.32024
82 84.8085 35.4463 1.00000 1.00000 -0.248965
83 77.2449 82.8962 1.00000 1.00000 2.56106
84 99.9351 88.3468 1.00000 1.00000 -1.91520
85 19.2189 25.7006 1.00000 1.00000 0.316441
86 72.6953 43.5221 1.00000 1.00000 2.43263
87 90.1683 63.1787 1.00000 1.00000 0.275282
88 44.0088 45.4301 1.00000 1.00000 1.04845
89 45.9311 19.0974 1.00000 1.00000 -0.482976
90 91.0503 9.91749 1.00000 1.00000 2.74792
91 44.1460 38.7853 1.00000 1.00000 2.69910
92 70.8043 59.6397 1.00000 1.00000 2.36201
93 69.7562 59.7234 1.00000 1.00000 2.36201
94 89.2131 49.9148 1.00000 1.00000 -0.731792
95 67.0427 61.3616 1.00000 1.00000 1.45446
96 19.4592 47.7671 1.00000 1.00000 -1.91224
97 23.0423 26.6541 1.00000 1.00000 -2.73978
98 49.2870 49.3234 1.00000 1.00000 -0.0563921
99 88.0643 76.5093 1.00000 1.00000 2.25870
100 64.8587 46.9651 1.00000 1.00000 2.45362
2
1 53.3654 80.8225 1.00000 1.00000 -2.76520
2 91.8667 63.3998 1.00000 1.00000 -3.11100
3 18.2577 46.8028 1.00000 1.00000 -1.35923
4 12.1623 52.3205 1.00000 1.00000 -1.72141
5 80.1224 73.6334 1.00000 1.00000 -3.05959
6 42.0471 10.9981 1.00000 1.00000 0.0162205
7 13.1622 17.4296 1.00000 1.00000 0.323960
8 63.3448 39.7068 1.00000 1.00000 0.233775
9 45.4399 8.48952 1.00000 1.00000 -1.15500
10 42.3495 49.1511 1.00000 1.00000 0.0674122
11 73.2070 2.63736 1.00000 1.00000 2.88067
12 11.8747 84.8267 1.00000 1.00000 -2.57996
13 19.0557 98.7481 1.00000 1.00000 -2.39900
14 78.8275 2.51641 1.00000 1.00000 -1.01977
15 68.6196 33.1393 1.00000 1.00000 -1.45991
16 98.2406 8.73531 1.00000 1.00000 -1.93345
17 45.9883 70.3329 1.00000 1.00000 -2.69924
18 73.8082 94.1334 1.00000 1.00000 -1.19487
19 43.7473 44.8842 1.00000 1.00000 0.0697020
20 85.7058 36.5100 1.00000 1.00000 2.31579
21 3.78520 13.4850 1.00000 1.00000 1.83557
22 91.6640 21.3300 1.00000 1.00000 -1.86977
23 51.3087 23.0530 1.00000 1.00000 0.220557
24 76.2387 3.32859 1.00000 1.00000 -1.01977
25 36.4894 34.0016 1.00000 1.00000 0.176962
26 57.7862 75.6670 1.00000 1.00000 -3.11817
27 58.5039 21.4612 1.00000 1.00000 -2.11477
28 57.3721 37.6455 1.00000 1.00000 1.36950
29 28.9129 56.0301 1.00000 1.00000 0.124537
30 99.0797 55.0386 1.00000 1.00000 -2.32098
31 48.1791 17.3003 1.00000 1.00000 -0.482976
32 96.8335 97.1094 1.00000 1.00000 -1.40098
33 40.4028 26.6182 1.00000 1.00000 -1.83667
34 86.9091 95.7474 1.00000 1.00000 -2.41422
35 91.5661 64.7644 1.00000 1.00000 0.260740
36 42.8868 51.9001 1.00000 1.00000 -2.86341
37 60.8865 93.7845 1.00000 1.00000 1.89098
38 75.4669 10.2788 1.00000 1.00000 -2.43164
39 80.9638 73.9798 1.00000 1.00000 -3.05959
40 35.1908 88.4703 1.00000 1.00000 1.20606
41 88.4373 86.4078 1.00000 1.00000 2.08457
42 61.6874 59.6076 1.00000 1.00000 1.60362
43 77.6837 11.8707 1.00000 1.00000 2.97695
44 8.63684 42.6659 1.00000 1.00000 1.79465
45 49.8831 7.69442 1.00000 1.00000 -2.03030
46 15.5536 56.9216 1.00000 1.00000 -0.548816
47 51.2213 61.3496 1.00000 1.00000 -2.57390
48 51.9810 26.0255 1.00000 1.00000 2.64351
49 55.7017 91.2243 1.00000 1.00000 1.09721
50 35.5659 31.3784 1.00000 1.00000 0.126169
51 30.0322 89.3533 1.00000 1.00000 -2.45125
52 67.4724 25.2613 1.00000 1.00000 -2.00918
53 59.3294 83.6786 1.00000 1.00000 2.46381
54 40.4494 76.0059 1.00000 1.00000 -1.28136
55 33.4688 96.4507 1.00000 1.00000 0.449894
56 19.0979 6.75485 1.00000 1.00000 1.90182
57 66.2268 10.1447 1.00000 1.00000 1.91635
58 34.6864 88.7401 1.00000 1.00000 1.20606
59 22.6970 38.1816 1.00000 1.00000 0.0630524
60 55.1393 76.6132 1.00000 1.00000 0.375399
61 40.6317 16.7697 1.00000 1.00000 -2.24929
62 66.2799 33.6207 1.00000 1.00000 -0.145537
63 19.5293 47.5575 1.00000 1.00000 -1.35923
64 95.8023 31.5251 1.00000 1.00000 1.13970
65 2.80607 9.36078 1.00000 1.00000 2.61999
66 7.26240 28.7793 1.00000 1.00000 -0.759701
67 64.0999 19.0097 1.00000 1.00000 2.39633
68 58.2244 0.547178 1.00000 1.00000 2.84356
69 89.8124 55.1320 1.00000 1.00000 -1.74618
70 53.9288 55.4498 1.00000 1.00000 -0.324178
71 50.0898 48.9266 1.00000 1.00000 -0.0563921
72 79.2251 94.3462 1.00000 1.00000 -0.358035
73 48.4603 56.2508 1.00000 1.00000 1.19387
74 0.655587 11.8306 1.00000 1.00000 1.76317
75 15.3788 0.647606 1.00000 1.00000 0.0612907
76 10.5771 62.2272 1.00000 1.00000 0.201605
77 75.4218 24.1775 1.00000 1.00000 -2.22208
78 51.9574 17.1077 1.00000 1.00000 -2.80620
79 73.1931 91.8143 1.00000 1.00000 1.80015
80 44.0228 4.94147 1.00000 1.00000 0.766186
81 13.9672 8.20428 1.00000 1.00000 2.32024
82 85.7777 35.1999 1.00000 1.00000 -0.248965
83 76.4087 83.4446 1.00000 1.00000 2.56106
84 99.5974 87.4055 1.00000 1.00000 -1.91520
85 20.1692 26.0118 1.00000 1.00000 0.316441
86 71.9363 44.1731 1.00000 1.00000 2.43263
87 91.1307 63.4505 1.00000 1.00000 0.260740
88 44.5077 46.2967 1.00000 1.00000 0.0697020
89 46.8167 18.6330 1.00000 1.00000 -0.482976
90 90.1267 10.3011 1.00000 1.00000 2.74792
91 43.2423 39.2135 1.00000 1.00000 2.69910
92 70.0931 60.3427 1.00000 1.00000 2.36201
93 69.0450 60.4264 1.00000 1.00000 2.36201
94 89.9571 49.2465 1.00000 1.00000 -0.731792
95 67.1588 62.3548 1.00000 1.00000 1.45446
96 19.1243 46.8249 1.00000 1.00000 -1.35923
97 22.1219 26.2630 1.00000 1.00000 -2.73978
98 50.2854 49.2670 1.00000 1.00000 -0.0563921
99 87.4294 77.2819 1.00000 1.00000 2.25870
100 64.0862 47.6001 1.00000 1.00000 2.45362
3
1 52.4354 80.4549 1.00000 1.00000 -2.76520
2 90.8671 63.3692 1.00000 1.00000 0.479448
3 18.4677 45.8251 1.00000 1.00000 -1.35923
4 12.0123 51.3318 1.00000 1.00000 -1.72141
5 79.1257 73.5515 1.00000 1.00000 -3.05959
6 43.0470 11.0144 1.00000 1.00000 0.0162205
7 14.1102 17.7479 1.00000 1.00000 0.323960
8 64.3176 39.9384 1.00000 1.00000 0.233775
9 45.8438 7.57472 1.00000 1.00000 -1.15500
10 43.3472 49.2185 1.00000 1.00000 0.0674122
11 72.2408 2.89533 1.00000 1.00000 2.88067
12 11.0283 84.2941 1.00000 1.00000 -2.57996
13 18.3190 98.0719 1.00000 1.00000 -2.39900
14 79.3511 1.66442 1.00000 1.00000 -1.01977
15 68.7302 32.1454 1.00000 1.00000 -1.45991
16 97.8859 7.80035 1.00000 1.00000 -1.93345
17 45.0846 69.9049 1.00000 1.00000 -2.69924
18 74.1754 93.2033 1.00000 1.00000 -1.19487
19 44.7449 44.9538 1.00000 1.00000 0.0697020
20 85.0279 37.2451 1.00000 1.00000 1.03341
21 3.52351 14.4502 1.00000 1.00000 1.83557
22 91.3695 20.3744 1.00000 1.00000 -1.86977
23 52.2845 23.2718 1.00000 1.00000 0.220557
24 76.7622 2.47660 1.00000 1.00000 -1.01977
25 37.4738 34.1777 1.00000 1.00000 0.176962
26 56.7865 75.6436 1.00000 1.00000 -3.11817
27 57.9864 20.6055 1.00000 1.00000 -2.11477
28 57.5720 38.6253 1.00000 1.00000 1.36950
29 29.9051 56.1544 1.00000 1.00000 0.124537
30 98.3979 54.3070 1.00000 1.00000 -2.32098
31 49.0647 16.8359 1.00000 1.00000 -0.482976
32 97.0025 96.1238 1.00000 1.00000 -1.40098
33 40.1400 25.6533 1.00000 1.00000 -1.83667
34 86.1622 95.0825 1.00000 1.00000 -2.41422
35 92.5323 65.0222 1.00000 1.00000 0.479448
36 41.9252 51.6254 1.00000 1.00000 -2.86341
37 60.5717 94.7336 1.00000 1.00000 1.89098
38 74.7085 9.62702 1.00000 1.00000 -2.43164
39 79.9671 73.8979 1.00000 1.00000 -3.05959
40 35.5475 89.4045 1.00000 1.00000 1.20606
41 87.9459 87.2787 1.00000 1.00000 2.08457
42 61.6546 60.6071 1.00000 1.00000 1.60362
43 76.6972 12.0346 1.00000 1.00000 2.97695
44 8.41485 43.6410 1.00000 1.00000 1.79465
45 49.4396 6.79815 1.00000 1.00000 -2.03030
46 16.4067 56.4000 1.00000 1.00000 -0.548816
47 50.3781 60.8119 1.00000 1.00000 -2.57390
48 51.1025 26.5032 1.00000 1.00000 2.64351
49 56.1578 92.1142 1.00000 1.00000 1.09721
50 36.5580 31.5042 1.00000 1.00000 0.126169
51 29.2612 88.7165 1.00000 1.00000 -2.45125
52 67.0479 24.3558 1.00000 1.00000 -2.00918
53 58.5504 84.3056 1.00000 1.00000 2.46381
54 40.7348 75.0475 1.00000 1.00000 -1.28136
55 34.3693 96.8856 1.00000 1.00000 0.449894
56 18.7729 7.70056 1.00000 1.00000 1.90182
57 65.8881 11.0856 1.00000 1.00000 1.91635
58 35.0431 89.6743 1.00000 1.00000 1.20606
59 23.6950 38.2446 1.00000 1.00000 0.0630524
60 56.0696 76.9799 1.00000 1.00000 0.375399
61 40.0041 15.9912 1.00000 1.00000 -2.24929
62 67.2693 33.4757 1.00000 1.00000 -0.145537
63 19.7393 46.5798 1.00000 1.00000 -1.35923
64 96.2202 32.4336 1.00000 1.00000 1.13970
65 1.93905 9.85905 1.00000 1.00000 2.61999
66 7.98744 28.0906 1.00000 1.00000 -0.759701
67 63.3650 19.6879 1.00000 1.00000 2.39633
68 57.2684 0.840816 1.00000 1.00000 2.84356
69 89.6380 54.1473 1.00000 1.00000 -1.74618
70 54.8767 55.1313 1.00000 1.00000 -0.324178
71 51.0882 48.8702 1.00000 1.00000 -0.0563921
72 80.1617 93.9958 1.00000 1.00000 -0.358035
73 48.8284 57.1806 1.00000 1.00000 1.19387
74 0.464397 12.8122 1.00000 1.00000 1.76317
75 16.3770 0.708859 1.00000 1.00000 0.0612907
76 11.5569 62.4274 1.00000 1.00000 0.201605
77 74.8156 23.3821 1.00000 1.00000 -2.22208
78 51.0131 16.7785 1.00000 1.00000 -2.80620
79 72.9657 92.7881 1.00000 1.00000 1.80015
80 44.7433 5.63486 1.00000 1.00000 0.766186
81 13.2860 8.93634 1.00000 1.00000 2.32024
82 86.7469 34.9535 1.00000 1.00000 1.03341
83 75.5725 83.9931 1.00000 1.00000 2.56106
84 99.2598 86.4642 1.00000 1.00000 -1.91520
85 21.1196 26.3230 1.00000 1.00000 0.316441
86 71.1772 44.8242 1.00000 1.00000 2.43263
87 92.0969 63.7083 1.00000 1.00000 0.479448
88 45.5053 46.3664 1.00000 1.00000 0.0697020
89 47.7023 18.1686 1.00000 1.00000 -0.482976
90 89.2032 10.6847 1.00000 1.00000 2.74792
91 42.3386 39.6417 1.00000 1.00000 2.69910
92 69.3819 61.0457 1.00000 1.00000 2.36201
93 68.3337 61.1294 1.00000 1.00000 2.36201
94 90.7010 48.5783 1.00000 1.00000 -0.731792
95 67.2748 63.3481 1.00000 1.00000 1.45446
96 19.3343 45.8471 1.00000 1.00000 -1.35923
97 21.2016 25.8719 1.00000 1.00000 -2.73978
98 51.2838 49.2106 1.00000 1.00000 -0.0563921
99 86.7944 78.0545 1.00000 1.00000 2.25870
100 63.3137 48.2351 1.00000 1.00000 2.45362
4
1 51.5054 80.0874 1.00000 1.00000 -2.76520
2 91.7544 63.8305 1.00000 1.00000 0.479448
3 18.6777 44.8474 1.00000 1.00000 -1.35923
4 11.8622 50.3431 1.00000 1.00000 -1.72141
5 78.1291 73.4696 1.00000 1.00000 -3.05959
6 44.0469 11.0306 1.00000 1.00000 0.0162205
7 15.0582 18.0662 1.00000 1.00000 0.323960
8 65.2904 40.1701 1.00000 1.00000 0.233775
9 46.2477 6.65992 1.00000 1.00000 -1.15500
10 44.3449 49.2859 1.00000 1.00000 0.0674122
11 71.2747 3.15330 1.00000 1.00000 2.88067
12 10.1819 83.7616 1.00000 1.00000 -2.57996
13 17.5823 97.3957 1.00000 1.00000 -2.39900
14 79.8746 0.812431 1.00000 1.00000 -1.01977
15 68.8409 31.1515 1.00000 1.00000 -0.802725
16 97.5311 6.86539 1.00000 1.00000 -1.93345
17 44.1808 69.4768 1.00000 1.00000 -2.69924
18 74.5425 92.2731 1.00000 1.00000 -1.19487
19 45.7424 45.0235 1.00000 1.00000 0.0697020
20 85.5398 38.1041 1.00000 1.00000 1.03341
21 3.26183 15.4153 1.00000 1.00000 1.83557
22 91.0750 19.4188 1.00000 1.00000 -1.86977
23 53.2602 23.4906 1.00000 1.00000 0.220557
24 77.2858 1.62461 1.00000 1.00000 -1.01977
25 38.4582 34.3537 1.00000 1.00000 0.176962
26 55.7868 75.6201 1.00000 1.00000 1.77021
27 57.4688 19.7499 1.00000 1.00000 -2.11477
28 57.7720 39.6051 1.00000 1.00000 1.36950
29 30.8974 56.2786 1.00000 1.00000 0.124537
30 97.7161 53.5754 1.00000 1.00000 -2.32098
31 49.9503 16.3715 1.00000 1.00000 -0.482976
32 97.1715 95.1382 1.00000 1.00000 -1.40098
33 39.8773 24.6885 1.00000 1.00000 -1.83667
34 85.4153 94.4176 1.00000 1.00000 -2.41422
35 93.4196 65.4835 1.00000 1.00000 0.479448
36 40.9637 51.3508 1.00000 1.00000 -2.86341
37 60.2570 95.6828 1.00000 1.00000 1.89098
38 73.9501 8.97523 1.00000 1.00000 -2.43164
39 78.9705 73.8159 1.00000 1.00000 -3.05959
40 35.9042 90.3387 1.00000 1.00000 1.20606
41 87.4544 88.1496 1.00000 1.00000 2.08457
42 61.6217 61.6066 1.00000 1.00000 1.60362
43 75.7107 12.1985 1.00000 1.00000 2.97695
44 8.19286 44.6160 1.00000 1.00000 1.79465
45 48.9961 5.90188 1.00000 1.00000 -2.03030
46 17.2598 55.8783 1.00000 1.00000 -0.548816
47 49.5350 60.2742 1.00000 1.00000 -2.57390
48 50.2240 26.9809 1.00000 1.00000 2.64351
49 56.6139 93.0041 1.00000 1.00000 1.09721
50 37.5500 31.6300 1.00000 1.00000 0.126169
51 28.4902 88.0797 1.00000 1.00000 -2.45125
52 66.6234 23.4504 1.00000 1.00000 -2.00918
53 57.7714 84.9327 1.00000 1.00000 2.46381
54 41.0202 74.0891 1.00000 1.00000 -1.28136
55 35.2698 97.3205 1.00000 1.00000 0.449894
56 18.4479 8.64627 1.00000 1.00000 1.90182
57 65.5494 12.0265 1.00000 1.00000 1.91635
58 35.3998 90.6085 1.00000 1.00000 1.20606
59 24.6930 38.3076 1.00000 1.00000 0.0630524
60 57.0000 77.3465 1.00000 1.00000 1.77021
61 39.3765 15.2127 1.00000 1.00000 -2.24929
62 68.2587 33.3306 1.00000 1.00000 -0.802725
63 19.9493 45.6021 1.00000 1.00000 -1.35923
64 96.6380 33.3421 1.00000 1.00000 1.13970
65 1.07203 10.3573 1.00000 1.00000 2.61999
66 8.71249 27.4019 1.00000 1.00000 -0.759701
67 62.6301 20.3660 1.00000 1.00000 2.39633
68 56.3125 1.13445 1.00000 1.00000 2.84356
69 89.4635 53.1627 1.00000 1.00000 -1.74618
70 55.8246 54.8127 1.00000 1.00000 -0.324178
71 52.0866 48.8138 1.00000 1.00000 -0.0563921
72 81.0983 93.6454 1.00000 1.00000 -0.358035
73 49.1964 58.1104 1.00000 1.00000 1.19387
74 0.273208 13.7937 1.00000 1.00000 1.76317
75 17.3751 0.770111 1.00000 1.00000 0.0612907
76 12.5366 62.6277 1.00000 1.00000 0.201605
77 74.2094 22.5868 1.00000 1.00000 -2.22208
78 50.0688 16.4494 1.00000 1.00000 -2.80620
79 72.7384 93.7619 1.00000 1.00000 1.80015
80 45.4639 6.32825 1.00000 1.00000 0.766186
81 12.6048 9.66841 1.00000 1.00000 2.32024
82 87.2588 35.8126 1.00000 1.00000 1.03341
83 74.7364 84.5416 1.00000 1.00000 2.56106
84 98.9221 85.5229 1.00000 1.00000 -1.91520
85 22.0699 26.6342 1.00000 1.00000 -1.21167
86 70.4182 45.4752 1.00000 1.00000 2.43263
87 92.9841 64.1696 1.00000 1.00000 0.479448
88 46.5028 46.4360 1.00000 1.00000 0.0697020
89 48.5880 17.7042 1.00000 1.00000 -0.482976
90 88.2797 11.0682 1.00000 1.00000 2.74792
91 41.4349 40.0699 1.00000 1.00000 2.69910
92 68.6707 61.7486 1.00000 1.00000 2.36201
93 67.6225 61.8323 1.00000 1.00000 2.36201
94 91.4450 47.9101 1.00000 1.00000 -0.731792
95 67.3909 64.3413 1.00000 1.00000 1.45446
96 19.5443 44.8694 1.00000 1.00000 -1.35923
97 20.2812 25.4808 1.00000 1.00000 -1.21167
98 52.2822 49.1543 1.00000 1.00000 -0.0563921
99 86.1595 78.8271 1.00000 1.00000 2.25870
100 62.5411 48.8700 1.00000 1.00000 2.45362
5
1 50.5754 79.7198 1.00000 1.00000 -2.76520
2 92.6416 64.2918 1.00000 1.00000 0.479448
3 18.8876 43.8697 1.00000 1.00000 -1.35923
4 11.7122 49.3545 1.00000 1.00000 -1.72141
5 77.1324 73.3877 1.00000 1.00000 -3.05959
6 45.0467 11.0468 1.00000 1.00000 0.0162205
7 16.0062 18.3845 1.00000 1.00000 0.323960
8 66.2632 40.4017 1.00000 1.00000 0.233775
9 46.6516 5.74513 1.00000 1.00000 -0.194409
10 45.3427 49.3532 1.00000 1.00000 0.0674122
11 70.3085 3.41127 1.00000 1.00000 2.88067
12 9.33551 83.2290 1.00000 1.00000 -2.57996
13 16.8455 96.7195 1.00000 1.00000 -2.39900
14 80.3982 99.9604 1.00000 1.00000 -1.01977
15 69.5356 30.4323 1.00000 1.00000 -0.802725
16 97.1764 5.93044 1.00000 1.00000 -1.93345
17 43.2771 69.0487 1.00000 1.00000 -2.69924
18 74.9096 91.3429 1.00000 1.00000 -1.19487
19 46.7400 45.0931 1.00000 1.00000 0.0697020
20 86.0516 38.9632 1.00000 1.00000 1.03341
21 3.00014 16.3805 1.00000 1.00000 1.83557
22 90.7804 18.4631 1.00000 1.00000 -1.86977
23 54.2360 23.7093 1.00000 1.00000 0.220557
24 77.8093 0.772622 1.00000 1.00000 -1.01977
25 39.4426 34.5297 1.00000 1.00000 0.176962
26 55.5887 76.6003 1.00000 1.00000 1.77021
27 56.9513 18.8942 1.00000 1.00000 -2.11477
28 57.9719 40.5849 1.00000 1.00000 1.36950
29 31.8896 56.4028 1.00000 1.00000 0.124537
30 97.0343 52.8439 1.00000 1.00000 -2.32098
31 50.8359 15.9071 1.00000 1.00000 -0.989259
32 97.3405 94.1526 1.00000 1.00000 -1.40098
33 39.6145 23.7236 1.00000 1.00000 -1.83667
34 84.6683 93.7527 1.00000 1.00000 -2.41422
35 94.3068 65.9448 1.00000 1.00000 0.479448
36 40.0021 51.0762 1.00000 1.00000 -2.86341
37 59.9423 96.6320 1.00000 1.00000 1.89098
38 73.1917 8.32343 1.00000 1.00000 -2.43164
39 77.9738 73.7340 1.00000 1.00000 -3.05959
40 36.2609 91.2729 1.00000 1.00000 1.20606
41 86.9629 89.0205 1.00000 1.00000 2.08457
42 61.5889 62.6060 1.00000 1.00000 1.60362
43 74.7242 12.3624 1.00000 1.00000 2.97695
44 7.97087 45.5911 1.00000 1.00000 1.79465
45 48.5526 5.00560 1.00000 1.00000 -2.03030
46 18.1130 55.3566 1.00000 1.00000 -0.548816
47 48.6918 59.7365 1.00000 1.00000 -2.57390
48 49.3455 27.4587 1.00000 1.00000 2.64351
49 57.0699 93.8941 1.00000 1.00000 1.09721
50 38.5421 31.7559 1.00000 1.00000 0.126169
51 27.7191 87.4429 1.00000 1.00000 -2.45125
52 66.1990 22.5449 1.00000 1.00000 -2.00918
53 56.9925 85.5597 1.00000 1.00000 2.46381
54 41.3057 73.1307 1.00000 1.00000 -1.28136
55 36.1703 97.7554 1.00000 1.00000 0.449894
56 18.1229 9.59198 1.00000 1.00000 1.90182
57 65.2106 12.9674 1.00000 1.00000 1.91635
58 35.7565 91.5427 1.00000 1.00000 1.20606
59 25.6910 38.3706 1.00000 1.00000 0.0630524
60 56.8019 78.3267 1.00000 1.00000 1.77021
61 38.7489 14.4342 1.00000 1.00000 -2.24929
62 68.9535 32.6114 1.00000 1.00000 -0.802725
63 20.1593 44.6244 1.00000 1.00000 -1.35923
64 97.0559 34.2506 1.00000 1.00000 1.13970
65 0.205005 10.8556 1.00000 1.00000 2.61999
66 9.43753 26.7132 1.00000 1.00000 -0.759701
67 61.8952 21.0442 1.00000 1.00000 2.39633
68 55.3566 1.42809 1.00000 1.00000 2.84356
69 89.2890 52.1780 1.00000 1.00000 -1.74618
70 56.7725 54.4942 1.00000 1.00000 -0.324178
71 53.0850 48.7575 1.00000 1.00000 -0.0563921
72 82.0348 93.2949 1.00000 1.00000 -0.358035
73 49.5645 59.0402 1.00000 1.00000 1.19387
74 0.0820183 14.7753 1.00000 1.00000 1.76317
75 18.3732 0.831363 1.00000 1.00000 0.0612907
76 13.5163 62.8279 1.00000 1.00000 0.201605
77 73.6032 21.7915 1.00000 1.00000 -2.22208
78 49.1246 16.1202 1.00000 1.00000 -1.64459
79 72.5110 94.7357 1.00000 1.00000 1.80015
80 46.1844 7.02164 1.00000 1.00000 -0.194409
81 11.9235 10.4005 1.00000 1.00000 2.32024
82 87.7707 36.6716 1.00000 1.00000 1.03341
83 73.9002 85.0900 1.00000 1.00000 2.56106
84 98.5845 84.5817 1.00000 1.00000 -1.91520
85 22.4214 25.6980 1.00000 1.00000 -1.21167
86 69.6592 46.1263 1.00000 1.00000 2.43263
87 93.8714 64.6309 1.00000 1.00000 0.479448
88 47.5004 46.5056 1.00000 1.00000 0.0697020
89 49.4736 17.2398 1.00000 1.00000 -0.482976
90 87.3562 11.4518 1.00000 1.00000 2.74792
91 40.5312 40.4981 1.00000 1.00000 2.69910
92 67.9595 62.4516 1.00000 1.00000 2.36201
93 66.9113 62.5353 1.00000 1.00000 2.36201
94 92.1890 47.2419 1.00000 1.00000 -0.731792
95 67.5070 65.3346 1.00000 1.00000 1.45446
96 19.7543 43.8917 1.00000 1.00000 -1.35923
97 20.6327 24.5446 1.00000 1.00000 -1.21167
98 53.2807 49.0979 1.00000 1.00000 -0.0563921
99 85.5246 79.5997 1.00000 1.00000 2.25870
100 61.7686 49.5050 1.00000 1.00000 2.45362
6
1 49.6454 79.3522 1.00000 1.00000 -2.76520
2 93.5289 64.7531 1.00000 1.00000 0.479448
3 19.0976 42.8920 1.00000 1.00000 -1.35923
4 11.5621 48.3658 1.00000 1.00000 -1.72141
5 76.1358 73.3058 1.00000 1.00000 -3.05959
6 46.0466 11.0630 1.00000 1.00000 0.0162205
7 16.9542 18.7029 1.00000 1.00000 0.323960
8 67.2360 40.6334 1.00000 1.00000 0.233775
9 47.6328 5.55194 1.00000 1.00000 -0.194409
10 46.3404 49.4206 1.00000 1.00000 0.0674122
11 69.3424 3.66924 1.00000 1.00000 2.88067
12 8.48912 82.6964 1.00000 1.00000 -2.57996
13 16.1088 96.0433 1.00000 1.00000 -2.39900
14 80.9218 99.1085 1.00000 1.00000 -1.01977
15 70.2304 29.7130 1.00000 1.00000 -0.802725
16 96.8216 4.99548 1.00000 1.00000 -1.93345
17 42.3733 68.6207 1.00000 1.00000 -2.69924
18 75.2768 90.4128 1.00000 1.00000 -1.19487
19 47.7376 45.1628 1.00000 1.00000 0.0697020
20 86.5635 39.8222 1.00000 1.00000 1.03341
21 2.73845 17.3456 1.00000 1.00000 1.83557
22 90.4859 17.5075 1.00000 1.00000 -1.86977
23 55.2118 23.9281 1.00000 1.00000 0.220557
24 78.3329 99.9206 1.00000 1.00000 -1.01977
25 40.4270 34.7058 1.00000 1.00000 0.176962
26 55.3906 77.5805 1.00000 1.00000 1.77021
27 56.4337 18.0386 1.00000 1.00000 -2.11477
28 58.1719 41.5647 1.00000 1.00000 1.36950
29 32.8819 56.5270 1.00000 1.00000 0.124537
30 96.3526 52.1123 1.00000 1.00000 -2.32098
31 51.3852 15.0714 1.00000 1.00000 -1.31692
32 97.5095 93.1670 1.00000 1.00000 -1.40098
33 39.3518 22.7588 1.00000 1.00000 -1.83667
34 83.9214 93.0878 1.00000 1.00000 -2.41422
35 95.1941 66.4061 1.00000 1.00000 0.479448
36 39.0405 50.8016 1.00000 1.00000 -2.86341
37 59.6275 97.5812 1.00000 1.00000 1.89098
38 72.4333 7.67164 1.00000 1.00000 -2.43164
39 76.9772 73.6521 1.00000 1.00000 -3.05959
40 36.6176 92.2071 1.00000 1.00000 1.20606
41 86.4715 89.8914 1.00000 1.00000 2.08457
42 61.5561 63.6055 1.00000 1.00000 1.60362
43 73.7378 12.5263 1.00000 1.00000 2.97695
44 7.74888 46.5661 1.00000 1.00000 1.79465
45 48.1091 4.10933 1.00000 1.00000 -2.03030
46 18.9661 54.8349 1.00000 1.00000 -0.548816
47 47.8487 59.1988 1.00000 1.00000 2.45158
48 48.4670 27.9364 1.00000 1.00000 2.64351
49 57.5260 94.7840 1.00000 1.00000 1.09721
50 39.5341 31.8817 1.00000 1.00000 0.126169
51 26.9481 86.8061 1.00000 1.00000 -2.45125
52 65.7745 21.6395 1.00000 1.00000 -2.00918
53 56.2135 86.1868 1.00000 1.00000 2.46381
54 41.5911 72.1723 1.00000 1.00000 -1.28136
55 37.0708 98.1902 1.00000 1.00000 0.449894
56 17.7979 10.5377 1.00000 1.00000 1.90182
57 64.8719 13.9083 1.00000 1.00000 1.91635
58 36.1132 92.4770 1.00000 1.00000 1.20606
59 26.6890 38.4337 1.00000 1.00000 0.0630524
60 56.6038 79.3069 1.00000 1.00000 1.77021
61 38.1212 13.6556 1.00000 1.00000 -2.24929
62 69.6482 31.8921 1.00000 1.00000 -0.802725
63 20.3693 43.6467 1.00000 1.00000 -1.35923
64 97.4738 35.1591 1.00000 1.00000 1.13970
65 99.3380 11.3539 1.00000 1.00000 2.61999
66 10.1626 26.0245 1.00000 1.00000 -0.759701
67 61.1603 21.7223 1.00000 1.00000 2.39633
68 54.4007 1.72173 1.00000 1.00000 2.84356
69 89.1145 51.1934 1.00000 1.00000 -1.74618
70 57.7205 54.1757 1.00000 1.00000 -0.324178
71 54.0834 48.7011 1.00000 1.00000 -0.0563921
72 82.9714 92.9445 1.00000 1.00000 -0.358035
73 49.9326 59.9700 1.00000 1.00000 2.45158
74 99.8908 15.7568 1.00000 1.00000 1.76317
75 19.3713 0.892615 1.00000 1.00000 0.0612907
76 14.4961 63.0281 1.00000 1.00000 0.201605
77 72.9970 20.9962 1.00000 1.00000 -2.22208
78 49.0508 15.1229 1.00000 1.00000 -1.03590
79 72.2837 95.7095 1.00000 1.00000 1.80015
80 47.1656 6.82846 1.00000 1.00000 -0.194409
81 11.2423 11.1325 1.00000 1.00000 2.32024
82 88.2825 37.5307 1.00000 1.00000 1.03341
83 73.0640 85.6385 1.00000 1.00000 2.56106
84 98.2469 83.6404 1.00000 1.00000 -1.91520
85 22.7728 24.7618 1.00000 1.00000 -1.21167
86 68.9001 46.7773 1.00000 1.00000 2.43263
87 94.7586 65.0922 1.00000 1.00000 0.479448
88 48.4980 46.5753 1.00000 1.00000 0.0697020
89 50.3592 16.7753 1.00000 1.00000 -1.06378
90 86.4327 11.8354 1.00000 1.00000 2.74792
91 39.6275 40.9263 1.00000 1.00000 2.69910
92 67.2483 63.1546 1.00000 1.00000 2.36201
93 66.2001 63.2383 1.00000 1.00000 2.36201
94 92.9330 46.5737 1.00000 1.00000 -0.731792
95 67.6230 66.3278 1.00000 1.00000 1.45446
96 19.9643 42.9140 1.00000 1.00000 -1.35923
97 20.9841 23.6084 1.00000 1.00000 -1.21167
98 54.2791 49.0416 1.00000 1.00000 -0.0563921
99 84.8897 80.3722 1.00000 1.00000 2.25870
100 60.9960 50.1400 1.00000 1.00000 2.45362
7
1 48.7154 78.9847 1.00000 1.00000 -2.76520
2 94.4161 65.2144 1.00000 1.00000 0.479448
3 19.3076 41.9143 1.00000 1.00000 -1.35923
4 11.4121 47.3771 1.00000 1.00000 -1.72141
5 75.1392 73.2239 1.00000 1.00000 -3.05959
6 47.0465 11.0792 1.00000 1.00000 0.0162205
7 17.9022 19.0212 1.00000 1.00000 0.323960
8 68.2088 40.8650 1.00000 1.00000 0.233775
9 48.6140 5.35875 1.00000 1.00000 -0.701294
10 47.3381 49.4879 1.00000 1.00000 0.0674122
11 68.3762 3.92721 1.00000 1.00000 2.88067
12 7.64274 82.1639 1.00000 1.00000 -2.57996
13 15.3721 95.3671 1.00000 1.00000 -2.39900
14 81.4453 98.2565 1.00000 1.00000 -1.01977
15 70.9251 28.9938 1.00000 1.00000 -0.802725
16 96.4668 4.06052 1.00000 1.00000 -1.93345
17 41.4696 68.1926 1.00000 1.00000 -2.69924
18 75.6439 89.4826 1.00000 1.00000 -1.19487
19 48.7352 45.2324 1.00000 1.00000 0.0697020
20 87.0754 40.6813 1.00000 1.00000 1.03341
21 2.47677 18.3108 1.00000 1.00000 1.83557
22 90.1914 16.5518 1.00000 1.00000 -1.86977
23 56.1876 24.1469 1.00000 1.00000 0.220557
24 78.8564 99.0686 1.00000 1.00000 -1.01977
25 41.4114 34.8818 1.00000 1.00000 0.176962
26 55.1925 78.5607 1.00000 1.00000 1.77021
27 55.9162 17.1829 1.00000 1.00000 -2.11477
28 58.3718 42.5446 1.00000 1.00000 1.36950
29 33.8741 56.6512 1.00000 1.00000 0.124537
30 95.6708 51.3807 1.00000 1.00000 -2.32098
31 51.6364 14.1035 1.00000 1.00000 -1.19035
32 97.6785 92.1813 1.00000 1.00000 -1.40098
33 39.0890 21.7939 1.00000 1.00000 -1.83667
34 83.1745 92.4229 1.00000 1.00000 -1.38613
35 96.0813 66.8674 1.00000 1.00000 0.479448
36 38.0790 50.5270 1.00000 1.00000 -2.86341
37 59.3128 98.5304 1.00000 1.00000 1.89098
38 71.6749 7.01984 1.00000 1.00000 -2.43164
39 75.9806 73.5702 1.00000 1.00000 -3.05959
40 36.9743 93.1414 1.00000 1.00000 1.20606
41 85.9800 90.7623 1.00000 1.00000 2.08457
42 61.5233 64.6049 1.00000 1.00000 1.60362
43 72.7513 12.6902 1.00000 1.00000 2.97695
44 7.52689 47.5412 1.00000 1.00000 1.79465
45 47.6655 3.21306 1.00000 1.00000 -1.11236
46 19.8193 54.3132 1.00000 1.00000 -0.548816
47 47.0774 59.8354 1.00000 1.00000 2.45158
48 47.5885 28.4142 1.00000 1.00000 2.64351
49 57.9821 95.6740 1.00000 1.00000 1.09721
50 40.5262 32.0075 1.00000 1.00000 0.126169
51 26.1771 86.1693 1.00000 1.00000 -2.45125
52 65.3500 20.7341 1.00000 1.00000 -2.00918
53 55.4345 86.8139 1.00000 1.00000 2.46381
54 41.8765 71.2139 1.00000 1.00000 -1.28136
55 37.9713 98.6251 1.00000 1.00000 0.449894
56 17.4729 11.4834 1.00000 1.00000 1.90182
57 64.5332 14.8492 1.00000 1.00000 1.91635
58 36.4699 93.4112 1.00000 1.00000 1.20606
59 27.6871 38.4967 1.00000 1.00000 0.0630524
60 56.4057 80.2870 1.00000 1.00000 1.77021
61 37.4936 12.8771 1.00000 1.00000 -2.24929
62 70.3430 31.1729 1.00000 1.00000 -0.802725
63 20.5793 42.6690 1.00000 1.00000 -1.35923
64 97.8916 36.0676 1.00000 1.00000 1.13970
65 98.4710 11.8521 1.00000 1.00000 2.61999
66 10.8876 25.3357 1.00000 1.00000 -0.759701
67 60.4254 22.4005 1.00000 1.00000 2.39633
68 53.4448 2.01537 1.00000 1.00000 2.84356
69 88.9400 50.2087 1.00000 1.00000 -1.74618
70 58.6684 53.8571 1.00000 1.00000 -0.324178
71 55.0818 48.6447 1.00000 1.00000 -0.0563921
72 83.9080 92.5941 1.00000 1.00000 -1.38613
73 49.1613 60.6065 1.00000 1.00000 2.45158
74 99.6996 16.7384 1.00000 1.00000 1.76317
75 20.3695 0.953868 1.00000 1.00000 0.0612907
76 15.4758 63.2284 1.00000 1.00000 0.201605
77 72.3908 20.2009 1.00000 1.00000 -2.22208
78 49.5606 14.2626 1.00000 1.00000 -1.04984
79 72.0564 96.6834 1.00000 1.00000 1.80015
80 48.1468 6.63527 1.00000 1.00000 -0.194409
81 10.5611 11.8646 1.00000 1.00000 2.32024
82 88.7944 38.3897 1.00000 1.00000 1.03341
83 72.2278 86.1870 1.00000 1.00000 2.56106
84 97.9092 82.6991 1.00000 1.00000 -1.91520
85 23.1243 23.8256 1.00000 1.00000 -1.21167
86 68.1411 47.4284 1.00000 1.00000 2.43263
87 95.6459 65.5535 1.00000 1.00000 0.479448
88 49.4955 46.6449 1.00000 1.00000 0.0697020
89 50.8448 15.9012 1.00000 1.00000 -1.13864
90 85.5092 12.2190 1.00000 1.00000 2.74792
91 38.7238 41.3545 1.00000 1.00000 2.69910
92 66.5371 63.8576 1.00000 1.00000 2.36201
93 65.4889 63.9413 1.00000 1.00000 2.36201
94 93.6770 45.9055 1.00000 1.00000 -0.731792
95 67.7391 67.3210 1.00000 1.00000 1.45446
96 20.1743 41.9363 1.00000 1.00000 -1.35923
97 21.3356 22.6722 1.00000 1.00000 -1.21167
98 55.2775 48.9852 1.00000 1.00000 -0.0563921
99 84.2548 81.1448 1.00000 1.00000 2.25870
100 60.2235 50.7749 1.00000 1.00000 2.45362
8
1 47.7854 78.6171 1.00000 1.00000 -2.76520
2 95.3034 65.6756 1.00000 1.00000 0.479448
3 19.5176 40.9366 1.00000 1.00000 -1.35923
4 11.2620 46.3884 1.00000 1.00000 -1.72141
5 74.1425 73.1420 1.00000 1.00000 -3.05959
6 48.0463 11.0955 1.00000 1.00000 0.0162205
7 18.8501 19.3395 1.00000 1.00000 0.323960
8 69.1816 41.0967 1.00000 1.00000 0.233775
9 49.3780 4.71355 1.00000 1.00000 -0.447851
10 48.3358 49.5553 1.00000 1.00000 0.0674122
11 67.4101 4.18518 1.00000 1.00000 2.88067
12 6.79635 81.6313 1.00000 1.00000 -2.57996
13 14.6354 94.6909 1.00000 1.00000 -2.39900
14 81.9689 97.4045 1.00000 1.00000 -1.01977
15 71.6199 28.2745 1.00000 1.00000 -0.802725
16 96.1121 3.12556 1.00000 1.00000 -1.93345
17 40.5659 67.7645 1.00000 1.00000 -2.69924
18 76.0110 88.5524 1.00000 1.00000 -1.19487
19 49.7327 45.3020 1.00000 1.00000 0.0697020
20 87.5873 41.5403 1.00000 1.00000 1.03341
21 2.21508 19.2759 1.00000 1.00000 1.83557
22 89.8968 15.5962 1.00000 1.00000 -1.86977
23 57.1633 24.3656 1.00000 1.00000 0.220557
24 79.3800 98.2167 1.00000 1.00000 -1.01977
25 42.3957 35.0579 1.00000 1.00000 0.176962
26 54.9944 79.5409 1.00000 1.00000 1.77021
27 55.3987 16.3272 1.00000 1.00000 -2.11477
28 58.5717 43.5244 1.00000 1.00000 1.36950
29 34.8664 56.7754 1.00000 1.00000 0.124537
30 94.9890 50.6492 1.00000 1.00000 -2.32098
31 52.0077 13.1750 1.00000 1.00000 -1.16449
32 97.8475 91.1957 1.00000 1.00000 -1.40098
33 38.8263 20.8290 1.00000 1.00000 -1.83667
34 83.3581 91.4399 1.00000 1.00000 -1.38613
35 96.9686 67.3287 1.00000 1.00000 0.479448
36 37.1174 50.2524 1.00000 1.00000 -2.86341
37 58.9980 99.4795 1.00000 1.00000 1.89098
38 70.9165 6.36804 1.00000 1.00000 -2.43164
39 74.9839 73.4883 1.00000 1.00000 -3.05959
40 37.3311 94.0756 1.00000 1.00000 1.20606
41 85.4885 91.6332 1.00000 1.00000 2.08457
42 61.4904 65.6044 1.00000 1.00000 1.60362
43 71.7648 12.8541 1.00000 1.00000 2.97695
44 7.30490 48.5162 1.00000 1.00000 1.79465
45 48.1081 2.31632 1.00000 1.00000 -1.11236
46 20.6724 53.7916 1.00000 1.00000 -0.548816
47 46.3062 60.4719 1.00000 1.00000 2.45158
48 46.7100 28.8919 1.00000 1.00000 2.64351
49 58.4382 96.5639 1.00000 1.00000 1.09721
50 41.5182 32.1334 1.00000 1.00000 0.126169
51 25.4061 85.5325 1.00000 1.00000 -2.45125
52 64.9255 19.8286 1.00000 1.00000 -2.00918
53 54.6556 87.4409 1.00000 1.00000 2.46381
54 42.1619 70.2555 1.00000 1.00000 -1.28136
55 38.8718 99.0600 1.00000 1.00000 0.449894
56 17.1478 12.4291 1.00000 1.00000 1.90182
57 64.1945 15.7900 1.00000 1.00000 1.91635
58 36.8266 94.3454 1.00000 1.00000 1.20606
59 28.6851 38.5597 1.00000 1.00000 0.0630524
60 56.2076 81.2672 1.00000 1.00000 1.77021
61 36.8660 12.0986 1.00000 1.00000 -2.24929
62 71.0377 30.4536 1.00000 1.00000 -0.802725
63 20.7893 41.6913 1.00000 1.00000 -1.35923
64 98.3095 36.9761 1.00000 1.00000 1.13970
65 97.6039 12.3504 1.00000 1.00000 2.61999
66 11.6127 24.6470 1.00000 1.00000 -0.759701
67 59.6905 23.0787 1.00000 1.00000 2.39633
68 52.4889 2.30900 1.00000 1.00000 2.84356
69 88.7655 49.2240 1.00000 1.00000 -1.74618
70 59.6163 53.5386 1.00000 1.00000 -0.324178
71 56.0802 48.5884 1.00000 1.00000 -0.0563921
72 84.0916 91.6111 1.00000 1.00000 -1.38613
73 48.3901 61.2431 1.00000 1.00000 2.45158
74 99.5084 17.7199 1.00000 1.00000 1.76317
75 21.3676 1.01512 1.00000 1.00000 0.0612907
76 16.4556 63.4286 1.00000 1.00000 0.201605
77 71.7846 19.4056 1.00000 1.00000 -2.22208
78 50.0583 13.3953 1.00000 1.00000 -1.09424
79 71.8290 97.6572 1.00000 1.00000 1.80015
80 49.1279 6.44208 1.00000 1.00000 -0.447851
81 9.87985 12.5967 1.00000 1.00000 2.32024
82 89.3063 39.2488 1.00000 1.00000 1.03341
83 71.3917 86.7355 1.00000 1.00000 2.56106
84 97.5716 81.7578 1.00000 1.00000 -1.91520
85 23.4757 22.8894 1.00000 1.00000 -1.21167
86 67.3821 48.0794 1.00000 1.00000 2.43263
87 96.5331 66.0147 1.00000 1.00000 0.479448
88 50.4931 46.7146 1.00000 1.00000 0.0697020
89 51.2636 14.9931 1.00000 1.00000 -1.12629
90 84.5857 12.6026 1.00000 1.00000 2.74792
91 37.8201 41.7826 1.00000 1.00000 2.69910
92 65.8259 64.5606 1.00000 1.00000 2.36201
93 64.7777 64.6443 1.00000 1.00000 2.36201
94 94.4209 45.2373 1.00000 1.00000 -0.731792
95 67.8552 68.3143 1.00000 1.00000 1.45446
96 20.3843 40.9586 1.00000 1.00000 -1.35923
97 21.6870 21.7360 1.00000 1.00000 -1.21167
98 56.2759 48.9288 1.00000 1.00000 -0.0563921
99 83.6199 81.9174 1.00000 1.00000 2.25870
100 59.4510 51.4099 1.00000 1.00000 2.45362
9
1 46.8554 78.2495 1.00000 1.00000 -2.76520
2 96.1906 66.1369 1.00000 1.00000 0.479448
3 19.7276 39.9589 1.00000 1.00000 -1.35923
4 11.1120 45.3997 1.00000 1.00000 -1.72141
5 73.1459 73.0601 1.00000 1.00000 -3.05959
6 49.0462 11.1117 1.00000 1.00000 0.0162205
7 19.7981 19.6578 1.00000 1.00000 0.323960
8 70.1544 41.3284 1.00000 1.00000 0.233775
9 50.2793 4.28052 1.00000 1.00000 -0.447851
10 49.3336 49.6227 1.00000 1.00000 0.0674122
11 66.4439 4.44315 1.00000 1.00000 2.88067
12 5.94997 81.0987 1.00000 1.00000 -2.57996
13 13.8987 94.0147 1.00000 1.00000 -2.39900
14 82.4924 96.5525 1.00000 1.00000 -1.01977
15 72.3146 27.5553 1.00000 1.00000 -0.802725
16 95.7573 2.19060 1.00000 1.00000 -1.93345
17 39.6621 67.3365 1.00000 1.00000 -2.69924
18 76.3782 87.6223 1.00000 1.00000 -1.19487
19 50.7303 45.3717 1.00000 1.00000 0.0697020
20 88.0992 42.3994 1.00000 1.00000 1.03341
21 1.95340 20.2411 1.00000 1.00000 1.83557
22 89.6023 14.6406 1.00000 1.00000 -1.86977
23 58.1391 24.5844 1.00000 1.00000 0.220557
24 79.9036 97.3647 1.00000 1.00000 -1.01977
25 43.3801 35.2339 1.00000 1.00000 0.176962
26 54.7963 80.5211 1.00000 1.00000 1.77021
27 54.8811 15.4716 1.00000 1.00000 -2.11477
28 58.7717 44.5042 1.00000 1.00000 1.36950
29 35.8587 56.8997 1.00000 1.00000 0.124537
30 94.3073 49.9176 1.00000 1.00000 -2.32098
31 52.4029 12.2564 1.00000 1.00000 -1.14539
32 98.0165 90.2101 1.00000 1.00000 -1.40098
33 38.5635 19.8642 1.00000 1.00000 -1.83667
34 83.5417 90.4569 1.00000 1.00000 -1.38613
35 97.8558 67.7900 1.00000 1.00000 0.479448
36 36.1559 49.9778 1.00000 1.00000 -2.86341
37 58.6833 0.428717 1.00000 1.00000 1.89098
38 70.1582 5.71625 1.00000 1.00000 -2.43164
39 73.9873 73.4064 1.00000 1.00000 -3.05959
40 37.6878 95.0098 1.00000 1.00000 1.20606
41 84.9970 92.5041 1.00000 1.00000 -2.79237
42 61.4576 66.6039 1.00000 1.00000 1.60362
43 70.7783 13.0180 1.00000 1.00000 2.97695
44 7.08291 49.4913 1.00000 1.00000 1.79465
45 48.5506 1.41957 1.00000 1.00000 -1.11236
46 21.5256 53.2699 1.00000 1.00000 -0.548816
47 45.5350 61.1085 1.00000 1.00000 2.45158
48 45.8315 29.3696 1.00000 1.00000 2.64351
49 58.8942 97.4538 1.00000 1.00000 1.09721
50 42.5103 32.2592 1.00000 1.00000 0.126169
51 24.6350 84.8957 1.00000 1.00000 -2.45125
52 64.5010 18.9232 1.00000 1.00000 -2.00918
53 53.8766 88.0680 1.00000 1.00000 2.46381
54 42.4473 69.2971 1.00000 1.00000 -1.28136
55 39.7723 99.4948 1.00000 1.00000 0.449894
56 16.8228 13.3748 1.00000 1.00000 1.90182
57 63.8558 16.7309 1.00000 1.00000 1.91635
58 37.1833 95.2796 1.00000 1.00000 1.20606
59 29.6831 38.6227 1.00000 1.00000 0.0630524
60 56.0095 82.2474 1.00000 1.00000 1.77021
61 36.2384 11.3201 1.00000 1.00000 -2.24929
62 71.7325 29.7344 1.00000 1.00000 -0.802725
63 20.9993 40.7136 1.00000 1.00000 -1.35923
64 98.7274 37.8846 1.00000 1.00000 1.13970
65 96.7369 12.8487 1.00000 1.00000 2.61999
66 12.3377 23.9583 1.00000 1.00000 -0.759701
67 58.9555 23.7568 1.00000 1.00000 2.39633
68 51.5329 2.60264 1.00000 1.00000 2.84356
69 88.5911 48.2394 1.00000 1.00000 -1.74618
70 60.5642 53.2201 1.00000 1.00000 -0.324178
71 57.0786 48.5320 1.00000 1.00000 -0.0563921
72 84.2753 90.6281 1.00000 1.00000 -1.68376
73 47.6189 61.8796 1.00000 1.00000 2.45158
74 99.3173 18.7015 1.00000 1.00000 1.76317
75 22.3657 1.07637 1.00000 1.00000 0.0612907
76 17.4353 63.6289 1.00000 1.00000 0.201605
77 71.1784 18.6103 1.00000 1.00000 -2.22208
78 50.5170 12.5067 1.00000 1.00000 -1.11026
79 71.6017 98.6310 1.00000 1.00000 1.80015
80 50.0293 6.00905 1.00000 1.00000 -0.447851
81 9.19862 13.3288 1.00000 1.00000 2.32024
82 89.8182 40.1078 1.00000 1.00000 1.03341
83 70.5555 87.2839 1.00000 1.00000 2.56106
84 97.2340 80.8165 1.00000 1.00000 -1.91520
85 23.8272 21.9532 1.00000 1.00000 -1.21167
86 66.6230 48.7305 1.00000 1.00000 2.43263
87 97.4204 66.4760 1.00000 1.00000 0.479448
88 51.4907 46.7842 1.00000 1.00000 0.0697020
89 51.6936 14.0903 1.00000 1.00000 -1.12834
90 83.6622 12.9862 1.00000 1.00000 2.74792
91 36.9165 42.2108 1.00000 1.00000 2.69910
92 65.1147 65.2636 1.00000 1.00000 2.36201
93 64.0665 65.3473 1.00000 1.00000 2.36201
94 95.1649 44.5691 1.00000 1.00000 -0.731792
95 67.9713 69.3075 1.00000 1.00000 1.45446
96 20.5943 39.9809 1.00000 1.00000 -1.35923
97 22.0385 20.7998 1.00000 1.00000 -1.21167
98 57.2743 48.8725 1.00000 1.00000 -0.0563921
99 82.9849 82.6900 1.00000 1.00000 2.25870
100 58.6784 52.0449 1.00000 1.00000 2.45362
