1 1 0 0 0 0
101 2 1 1 1 1
201 1 1 1 1 1
301 2 1 1 2 1
401 2 2 2 2 2
501 2 2 2 2 1
601 1 2 1 1 2
701 2 2 2 2 2
801 2 2 2 2 2
901 3 2 3 2 2
1001 3 3 2 1 1
1101 2 2 2 2 4
1201 3 2 2 2 3
1301 2 3 2 3 2
1401 3 3 3 3 3
1501 3 3 3 3 3
1601 3 4 6 6 6
1701 4 4 4 4 5
1801 6 7 7 7 5
1901 5 5 5 7 8
2001 8 8 5 7 6
2101 8 7 6 7 7
2201 7 8 6 7 7
2301 6 8 8 7 6
2401 8 9 8 7 7
2501 7 7 8 8 8
2601 9 9 9 8 8
2701 9 9 9 10 9
2801 10 9 10 12 10
2901 13 11 9 12 11
3001 13 11 13 12 11
3101 12 12 11 12 9
3201 10 10 9 9 9
3301 10 10 10 10 10
3401 10 10 13 10 11
3501 11 11 11 11 11
3601 11 12 16 18 11
3701 12 12 12 12 13
3801 13 13 14 13 12
3901 13 13 13 13 13
4001 14 14 14 14 13
4101 15 15 15 14 14
4201 16 15 15 15 16
4301 16 16 16 17 16
4401 16 16 16 16 17
4501 18 17 18 17 18
4601 18 18 18 18 18
4701 19 19 19 18 22
4801 20 19 19 19 20
4901 20 20 21 20 20
