1 1 0 0 0 0
2 0 0 0 0 0
3 0 0 0 0 0
4 0 0 1 0 0
5 0 0 0 0 0
6 0 0 0 0 0
7 0 0 0 0 0
8 0 0 0 0 1
9 0 0 0 0 0
10 0 0 0 0 0
11 0 0 0 0 0
12 0 0 0 0 0
13 1 0 0 0 0
14 0 0 0 1 0
15 0 0 0 0 0
16 1 0 0 0 0
17 0 0 0 0 0
18 0 0 0 0 0
19 0 0 1 0 0
20 0 0 0 0 0
21 1 0 0 0 0
22 0 0 0 0 0
23 0 0 0 0 0
24 0 0 1 0 0
25 0 0 0 0 0
26 0 0 0 0 0
27 0 0 0 0 1
28 0 0 0 0 0
29 0 1 0 0 0
30 0 0 0 0 0
31 0 0 0 0 1
32 0 0 0 0 0
33 0 0 0 0 0
34 0 0 0 0 0
35 1 0 0 0 0
36 0 0 0 0 0
37 1 0 0 0 0
38 0 0 0 0 0
39 0 0 0 1 0
40 0 0 0 0 0
41 0 1 0 0 0
42 0 1 0 0 0
43 0 0 1 0 0
44 0 0 0 0 0
45 0 1 0 0 0
46 0 0 1 0 0
47 0 0 1 0 0
48 0 0 1 0 0
49 0 0 1 0 0
50 0 0 1 0 0
51 0 0 1 0 0
52 0 0 0 0 0
53 0 1 0 0 0
54 0 1 0 0 0
55 0 1 0 0 0
56 1 0 0 0 0
57 1 0 0 0 1
58 0 0 0 0 1
59 0 0 0 1 0
60 0 0 0 1 0
61 0 0 1 0 0
62 0 1 0 0 0
63 0 0 0 0 0
64 1 0 0 0 1
65 0 0 0 1 0
66 0 0 1 0 0
67 0 0 1 0 0
68 0 1 0 0 0
69 1 0 0 0 1
70 0 0 0 0 0
71 0 0 0 0 0
72 0 0 0 0 0
73 0 0 0 0 0
74 0 1 0 0 0
75 0 0 0 1 0
76 0 0 0 0 0
77 0 1 0 0 0
78 0 0 0 0 0
79 0 1 0 0 0
80 0 0 0 1 0
81 0 0 0 0 0
82 0 0 0 0 0
83 0 0 0 1 0
84 0 0 0 0 1
85 0 0 0 0 0
86 0 0 0 0 0
87 0 0 0 0 0
88 0 0 0 0 0
89 0 0 0 0 0
90 0 0 0 0 0
91 0 1 0 0 0
92 0 0 0 0 0
93 0 0 0 0 0
94 0 0 0 1 0
95 0 0 0 0 0
96 0 0 0 0 0
97 0 0 0 0 0
98 0 0 1 0 0
99 0 0 0 1 0
100 0 0 0 0 1
101 0 0 0 0 0
102 0 0 0 0 0
103 0 0 0 0 0
104 1 0 0 0 0
105 0 0 0 1 0
106 0 0 0 1 0
107 0 0 0 0 0
108 0 0 0 0 0
109 0 0 0 1 0
110 0 0 0 0 0
111 0 1 0 0 0
112 0 0 0 2 0
113 0 0 0 0 0
114 0 1 0 0 0
115 0 0 1 0 0
116 0 0 0 0 0
117 1 0 0 0 0
118 0 0 0 0 1
119 0 0 0 0 0
120 0 0 1 0 0
121 0 0 0 0 0
122 0 1 0 0 0
123 0 0 0 0 0
124 1 0 0 0 0
125 0 0 0 0 1
126 0 0 0 0 0
127 0 0 0 1 0
128 0 0 0 0 0
129 0 0 1 0 0
130 0 0 0 0 0
131 1 0 0 0 0
132 0 0 1 0 0
133 0 0 0 1 0
134 0 0 0 1 0
135 0 0 0 0 1
136 0 0 0 0 0
137 1 0 0 0 0
138 0 0 0 1 0
139 0 0 0 0 0
140 0 1 0 0 0
141 0 0 0 0 0
142 1 0 0 0 0
143 0 0 0 1 0
144 0 0 0 1 0
145 0 0 0 1 0
146 0 0 0 0 0
147 0 0 0 0 1
148 0 0 0 0 0
149 1 0 0 0 0
150 0 0 0 1 0
151 0 0 0 0 0
152 0 1 0 0 0
153 0 0 0 0 1
154 0 0 0 0 0
155 1 0 0 0 0
156 0 0 1 0 0
157 0 0 0 0 0
158 0 0 0 0 0
159 0 1 0 0 0
160 0 0 0 0 1
161 0 0 0 0 0
162 0 1 0 0 0
163 0 0 0 0 1
164 0 0 0 0 0
165 0 1 0 0 0
166 0 0 0 0 0
167 0 0 0 0 0
168 0 1 0 0 0
169 0 0 0 1 0
170 0 0 0 0 0
171 1 0 0 0 0
172 0 0 1 0 0
173 0 0 0 0 1
174 0 0 0 0 1
175 0 0 0 0 0
176 1 0 0 0 0
177 1 0 0 0 1
178 0 0 0 0 1
179 0 0 0 0 1
180 0 0 0 0 1
181 0 0 0 0 1
182 0 0 0 0 1
183 0 0 0 1 0
184 0 0 0 1 0
185 0 0 0 1 0
186 0 0 0 1 0
187 0 0 0 1 0
188 0 0 1 0 0
189 0 0 1 0 0
190 0 0 1 0 0
191 0 1 0 0 0
192 0 1 0 0 0
193 1 0 0 0 0
194 1 0 0 0 1
195 0 0 0 0 1
196 0 0 0 1 0
197 0 0 0 1 0
198 0 0 1 0 0
199 0 0 1 0 0
200 0 1 0 0 0
201 1 0 0 1 0
202 0 1 0 0 1
203 0 0 0 0 0
204 0 1 0 0 1
205 0 0 1 0 0
206 1 0 0 1 0
207 0 1 0 0 1
208 0 0 1 0 0
209 1 0 0 1 0
210 0 1 0 0 1
211 0 0 1 0 0
212 1 0 0 1 0
213 0 1 0 0 1
214 0 0 1 0 0
215 0 0 1 0 0
216 1 0 0 1 0
217 0 1 0 0 1
218 0 0 1 0 0
219 1 0 0 1 0
220 0 0 0 1 0
221 0 1 0 0 1
222 0 0 0 1 0
223 0 1 0 0 0
224 1 0 0 0 1
225 0 0 0 1 0
226 0 0 1 0 0
227 1 0 0 0 1
228 0 0 0 1 0
229 0 0 0 1 0
230 1 0 0 0 0
231 1 0 0 0 1
232 0 0 0 0 1
233 0 0 0 1 0
234 0 0 0 1 0
235 0 0 1 0 0
236 0 0 1 0 0
237 0 1 0 0 0
238 0 1 0 0 0
239 0 1 0 0 0
240 1 0 0 0 0
241 1 0 0 0 1
242 0 0 0 0 1
243 0 0 0 0 1
244 0 0 0 1 0
245 0 0 0 1 0
246 0 0 1 0 0
247 0 0 0 0 0
248 0 1 0 0 0
249 1 0 0 0 0
250 1 0 0 0 1
251 0 0 0 0 1
252 0 0 0 1 0
253 0 0 1 0 0
254 0 1 0 0 0
255 1 0 0 0 0
256 1 0 0 0 1
257 0 0 0 1 0
258 0 0 1 0 0
259 0 1 0 0 0
260 1 0 0 0 0
261 0 0 0 0 0
262 0 0 0 0 0
263 0 0 0 0 0
264 1 0 0 0 1
265 0 0 0 1 0
266 0 0 1 0 0
267 0 0 0 0 1
268 0 0 1 0 0
269 1 0 0 0 1
270 0 0 0 1 0
271 0 0 1 0 0
272 0 1 0 0 0
273 1 0 0 0 1
274 0 0 0 1 0
275 0 0 1 0 0
276 0 1 0 0 0
277 1 0 0 0 1
278 0 0 1 0 0
279 0 1 0 0 0
280 1 0 0 0 1
281 0 0 0 1 0
282 0 0 1 0 0
283 0 0 0 0 1
284 0 0 0 1 0
285 0 0 1 0 0
286 0 1 0 0 0
287 1 0 0 0 0
288 0 0 1 0 0
289 0 1 0 0 0
290 1 0 0 0 1
291 0 0 0 1 0
292 0 1 0 0 0
293 1 0 0 0 1
294 0 0 0 1 0
295 0 0 1 0 0
296 0 1 0 0 1
297 0 0 0 1 0
298 0 0 1 0 0
299 1 0 0 0 1
300 0 0 0 1 0
301 0 1 0 0 0
302 1 0 0 0 1
303 0 0 1 0 0
304 0 1 0 0 1
305 0 0 0 1 0
306 0 0 1 0 0
307 1 0 0 0 1
308 0 0 1 0 0
309 0 1 0 0 1
310 0 1 0 0 1
311 0 0 1 0 0
312 1 0 0 1 0
313 1 0 0 1 0
314 0 1 0 0 1
315 0 1 0 0 1
316 0 0 1 0 0
317 1 0 1 0 0
318 1 0 0 1 0
319 0 1 0 1 0
320 0 1 0 0 1
321 0 0 0 0 1
322 0 0 1 0 0
323 1 0 1 0 0
324 1 0 0 1 0
325 1 0 0 1 0
326 0 0 0 1 0
327 0 1 0 1 0
328 0 1 0 0 1
329 0 1 0 0 1
330 0 0 1 0 1
331 0 0 1 0 0
332 1 0 0 1 0
333 1 0 0 1 0
334 0 1 0 1 0
335 0 1 0 0 1
336 0 1 0 0 1
337 0 0 1 0 1
338 0 0 1 0 1
339 0 0 1 0 0
340 0 0 1 0 0
341 1 0 1 0 0
342 1 0 0 0 0
343 1 0 0 1 0
344 1 0 0 1 0
345 1 0 0 1 0
346 1 0 0 1 0
347 1 0 0 1 0
348 0 0 0 1 0
349 0 0 0 1 0
350 1 0 0 1 0
351 1 0 0 1 0
352 1 0 0 1 0
353 1 0 0 0 0
354 1 0 1 0 0
355 1 0 1 0 1
356 0 0 1 0 1
357 0 1 0 0 1
358 0 1 0 1 0
359 0 1 0 1 0
360 1 0 0 1 0
361 1 0 1 0 0
362 1 0 1 0 1
363 0 0 1 0 1
364 0 1 1 0 1
365 0 1 0 0 1
366 0 1 0 1 0
367 0 1 0 1 0
368 0 1 0 1 0
369 1 0 1 0 0
370 1 0 1 0 0
371 1 0 1 1 0
372 1 1 0 1 0
373 1 1 0 1 1
374 0 1 0 0 1
375 0 0 1 0 0
376 1 0 1 1 0
377 1 1 0 1 1
378 0 1 1 0 1
379 1 0 1 1 0
380 1 1 0 1 1
381 0 1 1 0 1
382 0 1 1 0 1
383 0 1 0 1 0
384 1 0 0 1 1
385 0 1 0 1 1
386 0 0 1 0 1
387 0 1 0 1 0
388 1 0 1 0 1
389 0 1 0 1 0
390 1 0 1 0 1
391 1 0 1 1 0
392 1 0 0 0 0
393 1 0 1 0 1
394 0 1 0 1 0
395 1 0 1 0 0
396 1 0 1 0 1
397 0 1 0 1 0
398 1 0 0 0 0
399 0 1 0 0 1
400 0 1 1 0 1
401 0 1 0 1 0
402 1 0 1 0 1
403 0 1 0 1 0
404 0 1 0 1 0
405 0 1 1 0 1
406 1 0 0 1 1
407 0 1 1 0 0
408 1 1 0 1 1
409 0 1 1 0 0
410 1 1 0 1 1
411 0 1 0 1 0
412 1 0 1 0 1
413 0 1 0 0 1
414 1 0 1 0 1
415 0 1 0 0 1
416 0 1 0 1 0
417 1 0 1 1 1
418 0 1 0 0 1
419 0 1 0 1 0
420 0 1 0 1 0
421 0 0 1 0 1
422 0 1 0 1 0
423 1 0 1 0 1
424 0 1 0 0 1
425 0 1 0 1 0
426 0 0 0 1 0
427 1 0 1 0 0
428 1 0 1 0 1
429 0 0 1 0 1
430 0 0 1 0 1
431 0 0 1 0 1
432 0 0 1 0 1
433 0 1 0 1 0
434 0 0 1 0 0
435 1 0 1 0 1
436 0 0 1 0 1
437 0 1 0 1 0
438 1 0 0 0 1
439 0 0 1 0 1
440 0 0 1 0 1
441 0 1 0 1 0
442 0 1 0 1 0
443 1 0 1 0 0
444 1 0 1 0 1
445 0 0 1 0 1
446 0 1 0 0 1
447 0 1 0 1 0
448 0 1 0 1 0
449 1 0 1 0 0
450 1 0 1 0 1
451 0 0 1 0 1
452 0 1 0 0 1
453 0 1 0 1 0
454 0 0 0 1 0
455 1 0 1 0 0
456 1 0 1 0 1
457 0 0 1 0 1
458 0 1 0 1 0
459 0 1 0 1 0
460 1 0 1 0 0
461 1 0 1 0 1
462 0 1 0 0 1
463 0 1 0 1 0
464 1 0 0 1 0
465 1 0 1 0 1
466 0 0 1 0 1
467 0 1 0 1 1
468 0 1 0 1 0
469 1 0 0 1 0
470 1 0 1 0 1
471 0 1 0 0 1
472 0 1 0 1 0
473 1 0 1 0 1
474 0 0 0 0 1
475 0 1 0 1 0
476 1 0 1 0 0
477 1 0 1 0 1
478 0 1 0 1 0
479 1 0 0 1 0
480 1 0 1 0 1
481 0 1 0 1 0
482 0 0 0 1 0
483 1 0 1 0 1
484 0 1 0 1 0
485 0 1 0 1 0
486 1 0 1 0 1
487 0 1 0 1 0
488 0 0 0 1 0
489 1 0 1 0 1
490 0 1 0 1 0
491 1 0 0 1 0
492 1 0 1 0 1
493 0 1 0 1 0
494 1 0 1 0 1
495 0 0 1 0 1
496 0 1 0 1 0
497 1 0 1 0 1
498 0 1 0 1 0
499 1 0 1 0 1
500 0 1 1 0 1
501 1 0 1 1 0
502 0 1 0 1 0
503 1 0 1 0 1
504 0 1 0 1 0
505 1 0 1 0 1
506 0 1 0 1 0
507 1 0 1 0 1
508 0 1 0 1 0
509 1 0 1 0 1
510 0 1 0 1 0
511 1 0 1 0 1
512 0 1 0 1 0
513 1 0 1 0 1
514 0 1 0 1 0
515 1 0 1 0 1
516 0 1 0 1 0
517 1 0 1 0 1
518 0 1 0 1 0
519 1 0 1 0 1
520 0 1 0 1 0
521 1 0 1 0 1
522 0 1 0 1 0
523 1 0 1 0 1
524 0 0 1 0 1
525 0 1 0 1 0
526 1 0 1 0 1
527 0 1 0 1 0
528 1 0 1 0 1
529 0 1 0 0 1
530 0 1 0 1 0
531 1 0 1 0 1
532 0 1 0 1 0
533 1 0 1 1 0
534 1 0 1 0 1
535 0 1 0 1 0
536 1 0 1 0 1
537 0 0 1 0 1
538 0 1 0 1 0
539 1 0 1 0 1
540 0 1 0 1 1
541 0 1 0 1 0
542 1 0 1 0 1
543 0 1 1 0 2
544 0 1 0 1 0
545 1 0 1 1 0
546 1 0 1 0 1
547 0 1 1 0 1
548 0 1 0 1 0
549 1 1 0 1 0
550 1 0 1 0 1
551 0 1 1 0 1
552 0 1 0 1 0
553 1 0 0 1 0
554 1 0 1 0 1
555 0 0 1 0 1
556 0 1 0 1 0
557 0 1 0 1 0
558 1 0 1 1 0
559 1 0 1 0 1
560 0 1 1 0 1
561 0 1 0 1 0
562 0 1 0 1 0
563 1 0 1 1 0
564 1 0 1 0 0
565 1 0 1 0 1
566 1 0 1 0 1
567 0 1 1 0 1
568 0 1 0 1 1
569 0 1 0 1 1
570 1 0 1 1 1
571 0 1 1 0 1
572 0 1 1 0 1
573 0 1 0 1 1
574 0 1 0 1 1
575 0 1 0 1 1
576 0 1 0 1 1
577 0 1 0 1 0
578 0 1 0 1 0
579 1 1 0 1 0
580 1 1 0 1 0
581 1 1 0 1 0
582 1 1 0 1 0
583 1 1 0 1 0
584 1 0 1 1 0
585 1 0 1 1 0
586 1 0 1 1 0
587 1 0 1 1 0
588 1 0 1 1 0
589 1 0 1 1 0
590 1 0 1 1 0
591 1 0 1 1 0
592 1 0 1 1 0
593 1 0 1 1 0
594 0 1 1 0 1
595 0 0 1 0 1
596 1 0 1 0 1
597 1 0 1 1 0
598 1 0 1 1 0
599 1 0 1 1 0
600 1 1 0 1 0
601 1 1 0 1 1
602 0 1 0 0 1
603 0 1 1 0 1
604 0 0 1 0 1
605 1 0 1 1 0
606 1 0 1 1 0
607 1 1 0 1 1
608 0 1 0 1 1
609 0 1 1 0 1
610 1 0 1 1 0
611 1 1 0 1 1
612 0 1 1 0 1
613 1 0 1 1 0
614 1 1 0 1 1
615 1 1 1 1 0
616 1 1 0 1 1
617 0 1 1 0 1
618 1 0 1 1 0
619 1 1 0 1 1
620 0 1 1 0 1
621 1 0 1 1 0
622 1 1 0 1 1
623 0 1 1 0 1
624 1 0 1 1 0
625 1 1 0 1 1
626 0 1 1 0 0
627 1 1 0 1 1
628 0 1 1 0 1
629 1 0 1 1 0
630 1 1 0 1 1
631 0 1 1 0 1
632 1 0 1 1 0
633 1 1 0 1 1
634 0 1 1 0 1
635 1 0 1 1 0
636 1 1 0 1 1
637 0 1 1 0 1
638 1 0 1 1 0
639 1 1 0 1 1
640 0 1 1 0 1
641 1 0 0 1 2
642 1 0 1 1 0
643 1 1 0 1 1
644 1 0 1 1 0
645 1 1 0 1 1
646 0 1 1 0 1
647 1 1 0 1 1
648 0 1 1 0 1
649 1 0 1 1 0
650 0 1 1 0 1
651 1 0 1 1 0
652 1 1 1 0 1
653 1 0 1 1 0
654 1 1 1 0 1
655 1 0 1 1 0
656 1 1 1 0 1
657 1 0 1 1 0
658 0 1 1 0 1
659 1 0 1 1 1
660 0 1 1 0 1
661 1 1 0 1 1
662 0 1 1 1 0
663 1 1 0 1 1
664 1 0 1 1 1
665 0 1 1 0 0
666 1 1 0 1 1
667 1 0 1 1 1
668 0 1 1 1 0
669 1 1 0 0 1
670 1 1 0 1 1
671 1 0 1 1 1
672 0 0 1 1 1
673 0 1 1 1 1
674 0 1 1 1 0
675 1 1 1 0 1
676 1 0 0 1 1
677 0 1 1 1 0
678 1 1 0 1 1
679 1 0 1 1 1
680 0 1 1 0 1
681 1 1 0 1 1
682 1 0 1 1 1
683 0 1 1 0 1
684 1 1 0 1 1
685 1 0 1 1 0
686 1 1 1 0 1
687 1 1 0 1 1
688 1 0 1 1 1
689 0 1 1 1 0
690 1 1 1 0 1
691 1 0 0 1 1
692 0 1 1 1 0
693 1 1 1 0 1
694 1 1 0 1 1
695 1 0 1 1 1
696 0 1 1 1 0
697 1 1 1 0 1
698 1 1 0 1 1
699 1 0 1 1 1
700 0 1 1 1 0
701 0 1 1 1 0
702 1 1 1 0 1
703 1 1 0 1 1
704 1 0 1 1 1
705 0 1 1 1 0
706 1 1 1 0 0
707 1 1 1 0 1
708 1 1 0 1 1
709 1 1 0 1 1
710 1 0 1 1 1
711 0 0 1 1 1
712 0 1 1 1 0
713 1 1 1 1 1
714 1 1 1 0 1
715 1 1 1 0 1
716 1 1 1 0 1
717 1 1 0 1 1
718 1 1 0 1 1
719 1 0 1 1 1
720 1 0 1 1 1
721 1 0 1 1 1
722 0 0 1 1 1
723 0 1 1 1 1
724 0 1 1 1 1
725 0 1 1 1 0
726 0 2 1 1 1
727 0 1 1 1 1
728 0 1 1 1 1
729 0 1 1 1 1
730 0 0 1 1 1
731 0 0 1 1 1
732 1 0 1 1 1
733 1 0 1 1 1
734 1 0 1 1 1
735 1 0 1 1 1
736 1 0 1 1 1
737 1 0 0 1 1
738 1 1 0 1 1
739 1 1 0 1 1
740 1 1 0 0 1
741 1 1 1 0 1
742 1 1 1 0 0
743 1 1 1 1 0
744 1 1 1 1 1
745 0 1 1 1 1
746 0 0 1 1 1
747 1 0 0 1 1
748 1 1 0 1 1
749 1 1 1 0 1
750 1 1 1 1 0
751 1 1 1 1 1
752 0 0 1 1 1
753 1 1 0 1 1
754 1 1 1 0 1
755 1 1 1 1 0
756 1 1 1 1 1
757 0 1 1 1 1
758 1 0 1 1 1
759 1 1 1 0 1
760 1 1 1 1 0
761 0 1 1 1 1
762 1 0 1 1 1
763 1 1 1 0 1
764 1 1 1 1 1
765 0 1 1 1 1
766 1 0 0 1 1
767 1 1 1 0 0
768 1 1 1 1 1
769 0 1 1 1 1
770 1 1 1 0 1
771 1 1 1 1 1
772 0 0 1 1 1
773 1 1 1 0 1
774 1 1 1 1 1
775 0 0 1 1 1
776 1 1 1 1 0
777 1 1 1 1 1
778 1 1 0 0 1
779 1 1 1 1 1
780 0 0 1 1 1
781 1 1 1 1 0
782 1 1 1 1 1
783 1 1 1 0 1
784 1 1 1 1 1
785 1 0 0 1 1
786 1 1 1 1 1
787 1 0 1 1 1
788 1 1 1 1 1
789 0 1 1 1 1
790 1 1 1 1 1
791 1 1 1 1 0
792 1 1 1 1 1
793 1 1 1 1 0
794 0 1 1 1 1
795 1 1 1 1 0
796 0 1 1 1 1
797 1 1 1 1 1
798 0 1 1 1 1
799 1 2 1 1 1
800 1 1 0 0 1
801 1 1 1 1 1
802 1 1 1 1 1
803 0 0 1 1 1
804 1 1 1 1 1
805 1 1 1 1 0
806 1 1 1 1 1
807 1 1 1 1 1
808 1 1 1 0 0
809 1 1 1 1 1
810 1 1 1 1 1
811 1 1 1 0 0
812 1 1 1 1 1
813 1 1 1 1 1
814 1 1 1 1 1
815 0 0 1 1 1
816 1 1 1 1 1
817 1 1 1 1 1
818 1 1 1 0 0
819 1 1 1 1 1
820 1 1 1 1 1
821 1 1 1 1 1
822 1 1 0 0 1
823 1 1 1 1 1
824 1 1 1 1 1
825 1 1 1 1 1
826 1 1 1 1 0
827 0 1 1 1 1
828 1 1 1 1 2
829 1 1 1 1 1
830 1 1 0 0 1
831 1 1 1 1 1
832 1 1 1 1 1
833 1 1 1 1 1
834 1 1 1 1 1
835 1 1 1 1 1
836 1 1 1 1 1
837 1 1 1 0 0
838 0 1 1 1 1
839 1 1 1 1 0
840 0 0 1 1 1
841 1 1 1 1 1
842 1 1 1 1 1
843 1 1 1 1 1
844 1 1 1 1 1
845 1 1 1 1 1
846 1 1 1 1 1
847 1 1 1 1 1
848 1 1 1 1 1
849 1 1 1 1 1
850 1 1 1 1 1
851 1 1 1 1 1
852 1 1 1 1 1
853 1 1 1 1 1
854 1 1 1 1 1
855 1 1 1 1 1
856 1 1 1 1 1
857 1 1 1 1 1
858 1 1 1 1 1
859 1 1 2 1 2
860 1 1 1 1 1
861 1 1 1 1 1
862 1 1 1 1 1
863 1 2 1 1 1
864 1 1 1 1 1
865 1 1 1 1 1
866 1 1 1 1 1
867 1 1 1 1 1
868 1 1 1 1 1
869 1 1 1 1 1
870 1 1 1 1 1
871 1 1 1 1 1
872 1 1 1 1 1
873 1 1 1 1 1
874 1 1 1 1 1
875 1 1 1 1 1
876 1 1 1 1 1
877 1 1 1 1 1
878 1 1 1 2 2
879 1 1 1 1 1
880 1 1 1 1 1
881 1 1 1 1 1
882 1 1 1 1 1
883 1 1 1 1 1
884 1 1 1 1 1
885 1 1 1 1 1
886 1 1 1 1 1
887 1 1 1 1 1
888 1 1 1 1 1
889 1 1 1 1 1
890 1 1 1 1 1
891 1 1 1 1 1
892 1 1 1 1 1
893 1 1 1 1 1
894 1 1 1 1 1
895 1 1 1 1 1
896 1 1 1 1 1
897 1 1 1 1 1
898 1 1 1 1 1
899 1 1 1 2 1
900 1 1 1 1 1
901 1 1 1 1 1
902 2 1 1 1 1
903 1 1 1 1 1
904 1 1 2 1 1
905 1 1 1 1 1
906 1 1 1 1 1
907 1 1 1 1 1
908 1 1 1 1 2
909 1 1 1 1 1
910 1 1 1 1 1
911 2 1 1 1 1
912 1 1 1 1 1
913 2 1 1 1 1
914 1 1 1 1 1
915 1 1 1 1 1
916 1 1 1 1 2
917 1 1 1 1 1
918 1 1 1 1 1
919 1 1 1 1 1
920 1 1 2 1 1
921 1 1 2 2 1
922 1 1 1 1 1
923 2 1 1 1 1
924 1 1 1 1 1
925 1 1 1 1 1
926 1 1 1 1 1
927 1 1 1 1 1
928 1 1 1 1 1
929 2 1 1 1 1
930 1 1 1 1 1
931 1 1 1 1 1
932 2 1 1 1 1
933 1 1 1 2 1
934 1 1 1 1 1
935 2 1 1 1 1
936 1 1 1 1 1
937 1 1 1 1 2
938 1 1 1 1 1
939 1 2 1 1 1
940 1 1 1 1 1
941 1 1 1 1 1
942 1 1 1 1 1
943 2 1 1 1 1
944 1 2 1 1 1
945 1 1 1 1 1
946 1 1 1 1 2
947 1 1 1 1 1
948 2 1 1 1 1
949 1 1 1 1 1
950 1 1 2 1 1
951 1 1 1 2 1
952 1 1 1 1 2
953 1 1 1 1 1
954 1 1 1 1 1
955 2 1 1 1 1
956 1 2 1 1 1
957 1 1 2 1 1
958 1 1 1 1 1
959 1 1 1 2 1
960 1 1 1 1 1
961 1 1 1 1 2
962 1 1 1 1 2
963 1 1 1 1 1
964 1 1 1 1 1
965 2 1 1 1 1
966 2 1 1 1 1
967 2 1 1 1 1
968 2 1 1 1 1
969 2 1 1 1 1
970 2 1 1 1 1
971 2 1 1 1 1
972 2 1 1 1 1
973 2 1 1 1 1
974 2 1 1 1 1
975 3 1 1 1 2
976 1 1 1 2 1
977 1 1 1 2 1
978 1 1 2 1 1
979 1 1 1 1 1
980 1 2 1 1 1
981 2 1 1 1 1
982 2 1 1 1 2
983 1 1 1 2 1
984 1 1 1 2 1
985 1 1 2 1 1
986 1 1 1 1 1
987 1 1 1 1 1
988 2 1 1 1 2
989 1 1 1 2 1
990 1 1 1 2 1
991 1 1 2 1 1
992 1 2 1 1 1
993 2 1 1 1 2
994 1 1 1 2 1
995 1 1 1 1 1
996 1 1 1 1 1
997 1 1 1 1 1
998 2 1 1 1 1
999 1 1 2 1 1
1000 1 2 1 1 1
1001 2 1 1 1 2
1002 1 1 1 2 1
1003 1 1 2 1 1
1004 1 2 1 1 1
1005 2 1 1 1 1
1006 1 1 2 1 1
1007 2 1 1 1 1
1008 1 1 2 1 1
1009 1 2 1 1 1
1010 2 1 1 1 1
1011 1 1 2 1 1
1012 1 2 1 1 1
1013 1 1 1 2 1
1014 1 1 1 1 1
1015 2 1 1 1 2
1016 1 1 2 1 1
1017 1 2 1 1 2
1018 1 1 1 2 1
1019 1 1 2 1 1
1020 2 1 1 1 2
1021 1 1 2 1 1
1022 1 2 1 1 2
1023 1 1 1 2 1
1024 1 2 1 1 3
1025 1 1 2 1 1
1026 2 1 1 2 1
1027 1 2 1 1 1
1028 1 1 1 2 1
1029 1 2 1 1 2
1030 1 1 2 1 1
1031 1 1 1 1 2
1032 1 1 2 1 1
1033 2 1 1 1 1
1034 1 1 2 1 1
1035 2 1 1 2 1
1036 1 2 1 1 2
1037 1 1 2 1 1
1038 2 1 1 1 1
1039 1 1 1 1 1
1040 2 1 1 1 1
1041 1 2 1 1 2
1042 1 1 2 1 1
1043 2 1 1 2 1
1044 1 2 1 1 2
1045 1 1 2 1 1
1046 1 1 2 1 1
1047 2 1 1 2 1
1048 1 2 1 1 2
1049 1 1 2 1 1
1050 2 1 1 2 1
1051 1 2 1 1 2
1052 1 2 1 1 2
1053 1 1 2 1 1
1054 2 1 1 2 1
1055 1 2 1 2 1
1056 1 2 1 1 2
1057 1 2 1 1 2
1058 1 1 2 1 1
1059 2 1 1 2 1
1060 2 1 1 2 1
1061 1 2 1 2 1
1062 1 2 1 2 2
1063 1 1 2 1 1
1064 2 1 2 1 1
1065 2 1 1 2 1
1066 2 1 1 2 1
1067 1 2 1 2 1
1068 1 2 1 1 2
1069 1 2 1 1 2
1070 1 1 2 1 2
1071 1 1 3 1 2
1072 1 2 1 1 2
1073 1 2 1 1 2
1074 1 2 1 1 2
1075 1 2 1 1 2
1076 1 2 1 1 2
1077 1 2 1 1 2
1078 1 2 1 1 2
1079 1 2 1 1 2
1080 1 2 1 1 2
1081 1 1 1 1 1
1082 2 1 2 1 1
1083 1 1 2 1 2
1084 1 1 2 1 2
1085 1 1 2 1 2
1086 1 1 1 1 2
1087 1 2 1 1 2
1088 1 2 1 2 1
1089 1 2 1 2 1
1090 1 1 1 2 1
1091 2 1 1 1 1
1092 2 1 2 1 1
1093 1 1 2 1 2
1094 1 1 2 1 2
1095 1 2 1 1 1
1096 1 2 1 2 1
1097 1 1 1 2 1
1098 2 1 2 1 1
1099 1 1 2 1 2
1100 1 2 1 1 2
1101 1 2 1 2 1
1102 2 1 1 2 1
1103 2 1 2 1 2
1104 1 1 2 1 2
1105 1 2 1 2 1
1106 1 2 1 2 1
1107 2 1 2 1 1
1108 1 1 2 1 2
1109 1 2 1 2 1
1110 2 1 1 1 1
1111 2 1 2 1 2
1112 1 2 1 2 1
1113 1 1 1 2 1
1114 2 1 2 1 2
1115 1 2 2 2 1
1116 2 1 2 1 2
1117 1 2 1 1 1
1118 2 1 1 1 1
1119 2 1 2 1 2
1120 1 2 1 2 1
1121 2 1 2 1 2
1122 1 2 1 2 1
1123 2 1 2 1 2
1124 1 2 1 1 1
1125 1 1 2 1 2
1126 1 2 1 2 1
1127 2 1 2 1 2
1128 1 2 1 2 1
1129 2 1 2 1 2
1130 1 2 1 2 1
1131 2 1 2 1 2
1132 1 2 1 2 1
1133 2 1 2 1 2
1134 1 2 1 2 1
1135 2 1 2 1 2
1136 1 2 1 2 1
1137 2 1 2 1 2
1138 1 2 1 2 1
1139 2 1 2 1 1
1140 1 1 2 1 2
1141 1 2 1 2 1
1142 2 1 2 1 2
1143 1 2 1 2 1
1144 1 2 1 2 1
1145 2 1 2 1 2
1146 1 2 1 2 1
1147 2 1 1 2 1
1148 2 1 2 1 2
1149 1 2 1 1 2
1150 1 2 1 2 1
1151 2 1 2 1 2
1152 1 2 2 1 2
1153 1 2 1 2 1
1154 2 1 2 2 1
1155 2 1 2 1 2
1156 1 2 1 2 3
1157 1 2 1 1 2
1158 1 2 1 2 1
1159 2 2 1 2 1
1160 2 1 2 1 1
1161 2 1 2 1 2
1162 2 1 2 1 2
1163 1 2 1 1 2
1164 1 2 1 2 1
1165 1 2 1 2 1
1166 2 2 1 2 1
1167 1 2 2 1 2
1168 1 2 1 1 2
1169 1 2 1 2 2
1170 1 2 1 2 1
1171 1 2 1 2 1
1172 1 2 1 2 1
1173 2 2 1 2 1
1174 2 2 1 2 1
1175 2 2 1 2 1
1176 2 2 1 2 1
1177 1 2 1 2 2
1178 1 2 1 2 2
1179 1 2 1 2 2
1180 1 2 1 2 2
1181 1 2 1 2 2
1182 1 2 1 1 2
1183 1 2 2 1 2
1184 1 2 2 1 2
1185 1 1 2 1 2
1186 2 1 2 1 2
1187 2 1 2 2 1
1188 2 1 2 2 1
1189 2 2 1 2 1
1190 1 2 1 2 2
1191 1 2 2 1 2
1192 1 2 2 1 2
1193 2 1 2 1 1
1194 2 1 2 2 1
1195 2 2 2 1 2
1196 2 1 3 2 1
1197 1 2 1 2 2
1198 1 2 2 1 2
1199 2 1 2 1 2
1200 2 1 2 2 1
1201 2 2 1 2 2
1202 1 2 2 1 2
1203 1 2 2 1 2
1204 2 1 2 2 1
1205 2 2 1 2 2
1206 1 2 2 1 2
1207 2 1 2 2 1
1208 2 2 1 2 2
1209 1 2 2 1 2
1210 2 1 2 2 2
1211 1 2 2 1 2
1212 2 1 2 2 1
1213 2 2 1 2 2
1214 1 2 2 1 2
1215 2 1 2 2 1
1216 2 2 1 1 2
1217 1 1 2 2 1
1218 2 2 1 2 2
1219 1 2 2 1 2
1220 2 1 2 2 1
1221 1 2 2 1 2
1222 2 1 2 2 1
1223 2 2 1 1 2
1224 2 1 2 2 1
1225 2 2 1 1 2
1226 2 1 2 2 1
1227 2 2 1 2 2
1228 2 1 2 2 1
1229 1 2 2 1 2
1230 2 1 2 2 1
1231 1 2 2 1 2
1232 2 1 1 2 2
1233 1 2 2 1 1
1234 3 2 1 1 2
1235 2 1 2 2 2
1236 1 2 2 1 2
1237 2 2 1 2 2
1238 2 1 2 2 1
1239 2 2 2 1 2
1240 2 2 1 2 2
1241 2 1 2 2 1
1242 1 2 2 1 1
1243 2 2 1 2 2
1244 2 1 2 2 1
1245 1 2 2 1 1
1246 2 2 1 2 2
1247 2 1 2 2 2
1248 1 1 2 2 1
1249 2 2 2 1 2
1250 2 2 1 2 2
1251 2 1 2 2 2
1252 1 2 2 2 1
1253 1 2 2 1 1
1254 2 2 1 1 2
1255 2 2 1 2 2
1256 2 1 2 2 2
1257 1 2 2 2 1
1258 1 2 2 2 1
1259 2 2 2 1 2
1260 2 2 1 2 2
1261 2 2 1 2 2
1262 2 2 1 2 2
1263 2 1 2 2 2
1264 2 1 2 2 2
1265 1 2 2 2 2
1266 1 2 2 2 1
1267 1 2 2 2 1
1268 2 2 2 2 1
1269 1 2 2 3 1
1270 2 2 2 1 2
1271 2 2 2 1 2
1272 2 2 2 1 2
1273 2 2 2 1 2
1274 2 2 2 1 2
1275 2 2 2 1 2
1276 2 2 2 2 1
1277 2 2 2 2 1
1278 2 2 2 2 1
1279 1 2 2 2 2
1280 1 1 2 2 2
1281 2 1 2 2 2
1282 2 1 2 2 2
1283 2 2 1 2 2
1284 2 2 1 1 2
1285 2 2 2 1 1
1286 2 2 2 2 1
1287 2 2 2 2 1
1288 1 2 2 2 2
1289 2 1 2 2 2
1290 2 2 1 2 2
1291 2 2 1 1 2
1292 2 2 2 2 1
1293 2 2 2 2 2
1294 1 2 2 2 2
1295 2 2 1 2 2
1296 2 2 2 1 1
1297 2 2 2 2 2
1298 1 2 2 2 2
1299 2 1 1 2 2
1300 2 2 2 1 2
1301 2 2 2 2 2
1302 1 2 2 2 2
1303 2 2 1 2 3
1304 2 2 2 2 2
1305 1 1 2 2 2
1306 2 2 2 1 1
1307 2 2 2 2 2
1308 2 1 1 2 2
1309 2 2 2 2 2
1310 1 2 2 2 2
1311 2 2 1 1 2
1312 2 2 2 2 2
1313 2 1 1 2 2
1314 2 2 2 2 1
1315 1 2 2 2 2
1316 2 2 2 2 1
1317 2 2 2 2 2
1318 2 2 2 2 1
1319 2 2 2 2 2
1320 2 2 2 2 2
1321 1 2 2 2 2
1322 2 2 2 2 2
1323 2 2 2 1 2
1324 2 2 2 2 2
1325 2 2 1 1 2
1326 2 2 2 2 2
1327 2 2 2 2 1
1328 1 2 2 2 2
1329 2 2 2 2 2
1330 2 1 2 2 2
1331 2 2 2 2 2
1332 2 2 2 2 2
1333 1 2 2 2 2
1334 2 2 2 2 2
1335 2 2 2 2 1
1336 1 2 2 2 3
1337 2 2 2 2 2
1338 2 2 2 2 2
1339 2 2 1 1 1
1340 2 2 2 2 2
1341 2 2 2 2 2
1342 2 2 2 2 2
1343 2 1 1 2 2
1344 2 2 2 2 2
1345 2 2 2 2 2
1346 2 2 2 2 2
1347 2 2 2 2 1
1348 1 1 2 2 2
1349 2 2 2 2 2
1350 2 2 2 2 2
1351 2 2 2 2 2
1352 2 2 2 2 2
1353 2 2 2 2 2
1354 2 2 2 2 2
1355 2 2 2 2 2
1356 2 2 2 2 2
1357 2 2 2 2 2
1358 2 2 2 2 1
1359 1 1 1 1 2
1360 2 2 2 2 2
1361 2 2 2 2 2
1362 2 2 2 2 2
1363 2 2 2 2 2
1364 2 2 2 2 2
1365 2 2 2 2 2
1366 2 2 2 2 2
1367 2 2 2 2 2
1368 2 2 2 3 2
1369 2 2 2 2 2
1370 2 2 2 2 2
1371 2 2 2 2 2
1372 2 2 2 2 2
1373 2 2 2 2 2
1374 2 2 2 2 2
1375 2 2 2 2 2
1376 2 2 2 2 2
1377 2 2 2 2 2
1378 2 2 2 2 1
1379 2 2 2 2 2
1380 2 2 2 2 2
1381 2 2 2 2 2
1382 2 2 2 2 2
1383 2 2 2 2 2
1384 2 2 2 2 2
1385 2 2 2 2 2
1386 2 2 2 2 2
1387 2 2 3 2 2
1388 2 2 2 2 2
1389 2 2 2 2 2
1390 2 2 2 2 2
1391 2 2 2 2 2
1392 2 2 2 2 2
1393 2 2 2 2 2
1394 2 2 2 2 2
1395 2 2 2 2 2
1396 2 2 2 2 2
1397 3 2 2 2 2
1398 2 2 2 2 2
1399 2 2 3 2 2
1400 2 2 2 2 2
1401 2 2 2 2 2
1402 2 2 2 2 2
1403 2 2 2 2 2
1404 2 2 2 3 2
1405 2 2 2 2 2
1406 2 2 2 3 2
1407 2 2 2 2 2
1408 2 2 2 2 2
1409 2 2 2 2 2
1410 2 2 2 2 2
1411 2 2 2 2 2
1412 2 2 2 2 2
1413 2 2 2 3 2
1414 2 2 2 2 2
1415 2 2 2 2 2
1416 2 2 2 2 2
1417 2 2 2 2 2
1418 2 2 3 2 2
1419 2 2 2 2 2
1420 2 2 2 2 2
1421 2 2 2 2 2
1422 2 2 2 2 2
1423 2 2 2 2 2
1424 2 2 2 2 2
1425 2 2 2 2 2
1426 2 2 3 2 2
1427 2 2 2 2 2
1428 3 2 2 2 2
1429 2 3 2 2 2
1430 2 2 2 2 2
1431 2 2 2 2 2
1432 2 2 3 2 2
1433 2 2 2 2 2
1434 2 2 2 2 2
1435 2 2 2 3 2
1436 2 2 2 2 2
1437 2 2 2 2 2
1438 3 2 2 2 2
1439 2 2 2 2 2
1440 2 2 2 2 2
1441 2 2 2 2 2
1442 2 2 2 2 3
1443 2 2 2 2 2
1444 3 2 2 2 2
1445 2 2 2 2 2
1446 2 3 2 2 2
1447 2 2 3 2 2
1448 2 2 2 2 2
1449 2 2 2 3 2
1450 2 2 2 3 2
1451 2 2 2 3 2
1452 2 2 2 3 2
1453 2 2 2 3 2
1454 2 2 2 3 2
1455 2 2 2 2 2
1456 2 2 2 3 2
1457 2 2 2 3 2
1458 2 3 2 2 3
1459 2 2 2 2 2
1460 2 2 2 3 2
1461 2 2 2 2 2
1462 2 2 3 2 2
1463 2 3 2 2 2
1464 2 3 2 2 3
1465 2 2 2 3 2
1466 2 2 3 2 2
1467 2 2 2 2 2
1468 2 2 2 2 3
1469 2 2 2 2 2
1470 2 2 3 2 2
1471 2 3 2 2 2
1472 3 2 2 2 2
1473 2 2 2 2 2
1474 2 2 2 2 2
1475 3 2 2 2 3
1476 2 2 2 2 2
1477 2 2 3 2 2
1478 2 3 2 2 2
1479 3 2 2 3 2
1480 2 2 3 2 2
1481 2 3 2 2 2
1482 3 2 2 2 3
1483 2 2 2 3 2
1484 2 2 2 2 2
1485 3 2 2 2 3
1486 2 2 2 2 2
1487 2 2 2 2 2
1488 3 2 2 2 3
1489 2 2 3 2 2
1490 3 2 2 2 2
1491 2 2 3 2 2
1492 3 2 2 2 2
1493 2 2 3 2 2
1494 2 2 2 2 3
1495 2 2 3 2 2
1496 3 2 2 3 2
1497 2 3 2 2 2
1498 2 2 2 2 2
1499 2 2 2 3 2
1500 2 2 2 2 2
1501 3 2 2 3 2
1502 2 3 2 2 3
1503 2 2 2 2 2
1504 2 2 2 2 3
1505 2 2 2 2 2
1506 3 2 2 3 2
1507 2 3 2 2 3
1508 2 2 3 2 2
1509 3 2 2 2 2
1510 3 2 2 3 2
1511 2 3 2 2 3
1512 2 2 3 2 2
1513 3 2 2 4 2
1514 2 3 2 2 2
1515 2 3 2 2 3
1516 2 2 3 2 2
1517 3 2 3 2 2
1518 3 2 2 3 2
1519 2 2 2 3 2
1520 2 3 2 2 3
1521 2 2 3 2 2
1522 3 2 2 2 2
1523 2 2 2 3 2
1524 2 3 2 2 3
1525 2 3 2 2 3
1526 2 2 2 2 3
1527 2 2 3 2 3
1528 2 2 3 2 3
1529 2 2 3 2 2
1530 3 2 3 2 2
1531 3 2 3 2 3
1532 2 2 3 2 2
1533 2 2 3 2 2
1534 2 2 3 2 2
1535 2 2 3 2 2
1536 2 2 3 2 2
1537 2 2 3 2 3
1538 2 3 2 2 3
1539 2 3 2 2 3
1540 2 3 3 2 3
1541 2 3 2 2 2
1542 2 3 2 3 2
1543 3 2 2 2 2
1544 3 2 3 2 2
1545 2 2 3 2 3
1546 2 2 2 2 3
1547 2 3 2 3 2
1548 2 2 2 3 2
1549 3 2 3 2 3
1550 2 3 2 3 2
1551 3 2 2 2 3
1552 2 2 3 2 3
1553 2 3 2 3 2
1554 3 2 2 3 2
1555 3 2 3 2 2
1556 2 2 2 2 3
1557 2 3 2 3 2
1558 3 2 3 2 2
1559 2 2 2 3 2
1560 3 2 2 3 2
1561 3 2 3 2 3
1562 2 3 2 3 2
1563 3 2 2 2 2
1564 3 2 3 2 3
1565 2 3 2 3 3
1566 2 3 2 3 2
1567 3 2 3 2 3
1568 2 3 2 3 2
1569 3 2 3 2 3
1570 2 2 2 2 2
1571 3 2 2 2 2
1572 2 3 2 3 2
1573 3 2 3 2 3
1574 2 3 2 3 2
1575 3 2 3 2 3
1576 2 3 2 3 2
1577 3 2 3 2 3
1578 2 3 2 2 3
1579 2 3 2 2 2
1580 3 2 3 2 3
1581 2 3 2 3 2
1582 2 3 2 3 2
1583 3 2 3 2 3
1584 2 3 2 3 2
1585 2 3 2 3 2
1586 3 2 3 2 3
1587 3 2 3 2 3
1588 2 3 2 3 2
1589 3 2 3 3 2
1590 3 2 3 3 3
1591 2 3 3 3 2
1592 3 2 3 2 3
1593 2 3 3 2 3
1594 2 3 2 2 3
1595 2 3 2 3 2
1596 2 3 2 3 2
1597 3 3 2 3 2
1598 3 2 3 2 2
1599 3 2 3 2 3
1600 3 2 3 2 3
1601 3 2 3 2 3
1602 2 3 3 2 3
1603 2 3 3 2 3
1604 2 3 2 2 3
1605 2 3 2 3 3
1606 2 3 2 3 3
1607 2 3 2 3 2
1608 3 3 2 3 2
1609 3 3 2 3 2
1610 2 3 2 3 2
1611 2 3 2 2 3
1612 2 3 3 2 3
1613 2 3 3 2 3
1614 2 3 3 2 3
1615 3 3 2 3 2
1616 2 3 3 2 3
1617 2 2 3 2 3
1618 3 2 3 2 3
1619 3 2 3 2 2
1620 3 2 3 3 2
1621 3 3 2 3 2
1622 3 3 2 3 3
1623 2 3 2 2 3
1624 2 3 3 2 3
1625 3 2 3 3 2
1626 3 2 2 3 2
1627 3 3 2 3 3
1628 2 3 3 2 3
1629 3 2 3 3 2
1630 3 3 2 3 3
1631 2 3 3 2 3
1632 3 2 3 3 2
1633 3 3 2 3 3
1634 2 3 3 2 3
1635 3 2 3 3 2
1636 3 3 2 3 3
1637 2 3 3 2 2
1638 3 2 3 3 3
1639 3 3 2 3 3
1640 2 3 3 3 2
1641 3 3 2 3 3
1642 2 3 3 2 2
1643 3 2 2 3 3
1644 2 3 3 2 3
1645 3 2 2 3 2
1646 2 3 3 2 3
1647 3 2 3 3 3
1648 2 3 3 2 3
1649 3 2 3 3 2
1650 3 3 2 3 3
1651 2 2 3 3 2
1652 3 3 2 3 3
1653 2 3 3 3 2
1654 3 3 2 3 3
1655 2 2 3 3 2
1656 3 3 3 2 3
1657 3 3 3 2 2
1658 3 2 2 3 3
1659 2 3 3 3 2
1660 3 3 2 3 3
1661 2 2 3 3 2
1662 3 3 2 3 3
1663 2 2 3 3 2
1664 3 3 3 2 2
1665 3 3 2 3 3
1666 3 2 3 3 3
1667 2 3 3 3 2
1668 2 3 3 3 3
1669 3 3 2 2 3
1670 3 2 2 3 3
1671 2 3 3 3 2
1672 2 3 3 2 2
1673 3 3 2 2 3
1674 3 2 2 3 3
1675 3 2 3 3 3
1676 2 2 3 4 4
1677 4 4 3 3 2
1678 3 2 3 3 3
1679 3 3 3 3 2
1680 2 3 3 3 3
1681 3 2 3 2 3
1682 3 3 3 3 2
1683 2 3 3 3 3
1684 3 2 3 3 3
1685 3 3 3 3 2
1686 3 3 3 3 2
1687 3 3 3 3 3
1688 3 3 2 2 3
1689 3 3 2 2 3
1690 3 3 3 2 3
1691 3 3 3 2 3
1692 3 3 3 2 3
1693 3 3 3 3 2
1694 3 3 3 3 2
1695 2 3 3 3 3
1696 2 2 3 3 3
1697 3 2 2 3 3
1698 3 3 2 2 3
1699 3 3 3 2 2
1700 3 3 3 3 2
1701 2 3 3 3 3
1702 2 2 3 3 3
1703 3 3 3 2 3
1704 3 3 3 2 2
1705 3 3 3 3 2
1706 3 3 3 3 3
1707 2 4 3 3 3
1708 2 3 3 3 3
1709 3 3 3 2 3
1710 3 3 3 3 3
1711 2 3 3 3 3
1712 3 3 2 3 3
1713 3 2 2 2 3
1714 3 3 3 3 3
1715 2 2 3 3 3
1716 3 3 3 3 3
1717 3 3 2 2 3
1718 3 3 3 3 3
1719 3 3 2 2 3
1720 3 3 3 3 3
1721 3 3 2 2 3
1722 3 3 3 3 3
1723 3 3 3 2 2
1724 3 3 3 3 3
1725 3 3 3 2 2
1726 3 3 3 3 3
1727 3 2 2 3 3
1728 3 3 3 3 3
1729 2 4 3 3 3
1730 2 2 3 3 3
1731 3 3 3 3 3
1732 3 3 3 3 3
1733 3 2 2 2 2
1734 3 3 3 3 3
1735 3 3 3 3 3
1736 3 3 3 3 3
1737 3 2 2 2 3
1738 3 3 3 3 3
1739 3 3 3 3 3
1740 3 3 3 3 2
1741 2 3 3 3 3
1742 3 3 3 2 3
1743 3 3 3 3 3
1744 3 3 3 3 3
1745 3 3 3 3 3
1746 3 3 3 3 2
1747 2 3 3 3 3
1748 3 3 3 3 3
1749 3 3 3 3 3
1750 3 3 3 3 3
1751 3 3 3 3 3
1752 3 2 3 3 3
1753 3 3 3 3 3
1754 3 3 3 3 3
1755 3 3 3 3 3
1756 3 3 3 3 3
1757 3 3 3 3 3
1758 3 3 3 3 4
1759 4 3 3 4 3
1760 3 4 3 4 4
1761 3 3 3 5 4
1762 4 3 4 3 3
1763 3 3 4 4 3
1764 3 3 4 3 3
1765 3 3 3 3 3
1766 3 3 3 3 3
1767 3 3 3 2 2
1768 2 3 3 3 3
1769 3 3 3 3 3
1770 3 3 3 3 3
1771 3 4 3 3 3
1772 3 3 3 3 3
1773 3 3 3 3 3
1774 3 3 3 3 3
1775 2 3 3 3 3
1776 3 3 3 3 3
1777 3 3 3 4 3
1778 3 3 3 3 3
1779 3 3 3 3 3
1780 3 3 3 3 3
1781 3 3 3 3 2
1782 3 3 3 3 3
1783 3 3 3 3 3
1784 3 3 3 3 3
1785 3 3 4 3 3
1786 3 3 3 3 3
1787 3 3 3 3 3
1788 3 3 3 3 3
1789 3 4 3 3 3
1790 2 3 5 4 3
1791 4 3 3 3 3
1792 3 3 4 3 3
1793 3 3 3 3 3
1794 3 3 4 3 3
1795 3 3 3 4 3
1796 3 3 3 5 5
1797 5 5 5 4 3
1798 5 4 3 3 4
1799 3 3 3 3 3
1800 3 3 3 3 3
1801 3 3 3 3 3
1802 3 3 3 4 3
1803 4 4 3 4 3
1804 3 3 3 3 3
1805 3 3 3 3 3
1806 3 3 3 3 3
1807 3 4 3 3 3
1808 3 3 3 3 3
1809 3 3 3 3 4
1810 3 3 3 3 3
1811 3 3 2 3 3
1812 3 3 3 4 3
1813 4 3 3 3 3
1814 3 3 3 3 3
1815 3 3 4 3 3
1816 3 3 4 3 3
1817 3 3 4 3 3
1818 3 3 3 3 3
1819 3 3 3 3 4
1820 3 3 3 5 3
1821 4 3 3 3 4
1822 3 3 3 3 3
1823 3 3 3 3 3
1824 4 3 3 3 3
1825 3 3 3 3 3
1826 3 3 3 3 3
1827 3 3 4 3 3
1828 4 3 3 3 3
1829 3 3 3 3 3
1830 3 4 3 3 3
1831 3 3 3 3 3
1832 3 3 3 4 3
1833 3 3 3 3 3
1834 3 3 3 4 3
1835 3 4 3 3 3
1836 3 3 3 3 3
1837 4 3 3 3 3
1838 3 3 3 3 4
1839 3 3 3 4 3
1840 3 3 4 3 3
1841 3 3 3 3 4
1842 3 3 3 4 3
1843 3 3 4 3 3
1844 3 4 3 3 3
1845 4 3 3 3 3
1846 3 3 3 3 3
1847 3 3 4 3 3
1848 3 4 3 3 3
1849 4 3 3 3 3
1850 3 3 3 3 4
1851 3 3 4 4 4
1852 3 4 3 3 3
1853 3 3 4 4 3
1854 3 5 4 3 5
1855 4 3 3 4 4
1856 4 4 4 4 4
1857 4 4 3 5 4
1858 4 3 4 5 3
1859 4 3 5 4 3
1860 4 3 4 3 4
1861 3 4 3 3 4
1862 3 4 3 4 3
1863 3 4 4 3 3
1864 4 3 3 4 3
1865 3 4 3 4 3
1866 4 4 3 4 3
1867 3 4 3 3 3
1868 3 3 3 4 3
1869 3 3 3 3 3
1870 4 3 3 3 3
1871 3 3 4 4 3
1872 4 3 3 4 3
1873 3 4 3 3 3
1874 3 3 4 3 3
1875 4 3 3 4 3
1876 3 3 3 4 3
1877 3 4 3 3 4
1878 3 3 3 3 3
1879 4 3 3 4 3
1880 4 3 4 3 3
1881 4 3 3 4 3
1882 3 4 3 3 3
1883 3 4 3 3 4
1884 3 3 3 3 3
1885 4 3 3 4 3
1886 3 4 3 3 4
1887 3 3 3 3 4
1888 3 3 4 3 3
1889 4 3 3 4 3
1890 4 4 3 3 3
1891 3 4 3 3 3
1892 3 4 3 3 4
1893 3 3 4 3 3
1894 3 4 5 4 5
1895 5 5 5 5 5
1896 5 5 5 5 5
1897 5 5 5 5 5
1898 3 3 4 3 4
1899 3 3 4 3 3
1900 3 3 4 3 4
1901 3 3 4 3 4
1902 3 3 4 3 3
1903 3 3 4 3 3
1904 4 3 4 3 3
1905 3 3 4 3 3
1906 3 3 4 3 4
1907 3 4 3 3 4
1908 3 3 4 3 4
1909 4 3 4 3 3
1910 3 3 4 4 3
1911 4 3 4 3 4
1912 3 4 3 4 3
1913 4 3 4 3 4
1914 3 3 3 3 3
1915 4 3 4 3 3
1916 4 3 4 3 4
1917 3 3 3 3 4
1918 3 4 3 4 3
1919 3 3 3 4 3
1920 4 3 4 3 4
1921 3 4 3 3 3
1922 4 3 3 4 4
1923 3 3 3 3 4
1924 3 4 3 4 3
1925 3 3 3 4 3
1926 4 3 4 3 4
1927 4 3 4 3 4
1928 4 6 5 6 5
1929 4 4 3 4 3
1930 4 3 4 3 4
1931 3 4 3 4 3
1932 3 4 3 4 3
1933 4 3 4 3 4
1934 3 4 3 4 3
1935 4 3 4 3 4
1936 3 4 3 4 3
1937 4 3 4 3 4
1938 3 4 3 4 3
1939 3 4 3 3 3
1940 3 4 3 4 3
1941 4 3 4 3 4
1942 3 3 3 3 3
1943 4 3 4 3 4
1944 3 4 3 4 3
1945 5 3 4 3 4
1946 4 4 5 5 5
1947 4 6 4 4 6
1948 5 4 4 4 6
1949 4 5 4 4 5
1950 4 6 6 5 6
1951 6 5 4 3 4
1952 4 3 4 3 4
1953 3 4 4 3 4
1954 3 4 4 3 4
1955 3 4 3 4 3
1956 4 3 3 4 3
1957 4 3 4 3 4
1958 3 4 5 6 5
1959 4 6 5 5 5
1960 7 5 6 5 5
1961 5 5 4 4 4
1962 4 5 4 4 5
1963 4 3 4 4 4
1964 3 4 3 3 4
1965 3 4 3 3 4
1966 3 4 3 4 4
1967 3 4 3 4 4
1968 3 4 3 3 4
1969 3 4 3 4 4
1970 3 4 4 3 4
1971 3 4 3 3 4
1972 3 4 3 3 4
1973 3 4 4 3 4
1974 3 4 3 4 4
1975 3 4 4 4 3
1976 4 3 4 4 3
1977 4 3 4 4 3
1978 4 4 3 4 3
1979 4 4 3 4 5
1980 4 3 5 3 4
1981 4 3 4 3 3
1982 4 3 4 4 3
1983 4 4 3 4 3
1984 3 4 4 3 4
1985 3 3 4 3 4
1986 4 3 4 4 3
1987 4 3 3 4 3
1988 4 4 3 4 6
1989 4 5 6 6 5
1990 4 4 4 4 4
1991 4 5 4 3 3
1992 4 5 4 4 4
1993 4 4 5 4 4
1994 3 4 4 4 4
1995 3 4 4 3 3
1996 4 4 3 4 4
1997 3 4 4 4 4
1998 4 3 4 4 3
1999 4 4 3 3 4
2000 4 3 4 4 3
2001 3 4 4 4 3
2002 4 4 3 4 4
2003 4 3 4 4 4
2004 3 4 4 3 3
2005 4 4 3 3 4
2006 4 3 4 4 3
2007 3 4 4 3 3
2008 4 4 3 3 4
2009 3 3 4 4 3
2010 4 4 4 3 4
2011 4 3 4 4 4
2012 3 4 4 4 3
2013 4 4 4 4 3
2014 3 4 4 4 4
2015 4 3 4 4 4
2016 3 3 4 4 3
2017 4 4 4 3 3
2018 4 4 3 3 4
2019 4 4 3 4 4
2020 4 3 3 4 4
2021 4 3 3 4 4
2022 4 3 4 4 4
2023 4 3 4 4 4
2024 3 3 4 4 3
2025 3 4 4 3 4
2026 4 4 4 3 4
2027 4 4 4 3 4
2028 4 4 3 3 4
2029 4 3 3 4 4
2030 4 3 4 4 4
2031 3 4 5 3 4
2032 4 4 4 4 3
2033 4 4 5 5 6
2034 5 3 4 4 4
2035 4 4 4 4 4
2036 4 3 4 4 4
2037 4 4 4 3 4
2038 4 4 4 4 5
2039 4 4 3 4 4
2040 4 4 4 4 3
2041 4 4 4 4 4
2042 4 4 4 4 3
2043 4 4 4 4 4
2044 4 4 4 3 3
2045 4 4 4 4 3
2046 4 4 4 4 3
2047 4 4 4 6 4
2048 4 4 4 4 4
2049 4 3 3 3 4
2050 4 4 4 3 3
2051 3 4 4 4 4
2052 4 3 3 4 4
2053 4 4 4 4 3
2054 3 4 4 4 4
2055 4 4 3 3 4
2056 4 4 4 4 4
2057 3 3 4 4 4
2058 4 3 4 4 4
2059 4 4 4 3 4
2060 4 4 4 4 4
2061 4 4 3 4 4
2062 4 4 4 4 4
2063 3 4 4 4 4
2064 4 4 4 4 4
2065 4 4 4 4 4
2066 3 3 4 4 4
2067 4 4 4 4 4
2068 4 4 3 3 4
2069 4 4 4 4 4
2070 4 4 3 3 4
2071 4 4 4 4 4
2072 4 4 4 4 4
2073 3 3 4 4 4
2074 4 4 4 4 4
2075 4 3 3 4 4
2076 4 4 4 4 4
2077 4 4 4 4 4
2078 4 4 3 3 4
2079 4 4 4 4 4
2080 4 4 3 4 4
2081 4 4 4 4 4
2082 4 4 4 4 4
2083 4 4 4 4 3
2084 3 4 3 4 4
2085 4 4 4 4 4
2086 4 4 4 4 4
2087 4 4 4 4 4
2088 4 4 3 3 3
2089 4 4 4 4 4
2090 4 4 4 4 4
2091 4 4 4 4 4
2092 4 4 4 4 4
2093 4 4 4 3 4
2094 4 4 3 3 3
2095 3 4 4 4 4
2096 4 4 4 5 4
2097 4 4 5 4 4
2098 4 3 3 3 3
2099 3 3 4 4 3
2100 5 4 3 3 4
2101 4 4 4 4 4
2102 4 4 4 4 4
2103 4 4 4 4 4
2104 4 4 4 4 4
2105 4 4 4 4 4
2106 4 4 4 4 4
2107 4 4 4 4 4
2108 4 4 4 4 4
2109 4 3 3 3 4
2110 4 4 4 4 4
2111 4 4 4 4 4
2112 4 4 4 5 4
2113 4 4 4 4 4
2114 4 4 4 4 4
2115 4 4 4 4 3
2116 4 4 4 4 4
2117 4 4 4 4 4
2118 4 4 4 3 4
2119 4 4 4 4 4
2120 4 4 4 4 4
2121 4 4 4 4 3
2122 4 4 4 4 4
2123 4 4 4 4 4
2124 4 4 5 4 4
2125 4 4 4 4 4
2126 4 4 4 4 4
2127 4 4 4 4 4
2128 5 4 4 4 3
2129 4 4 4 4 4
2130 4 4 4 4 4
2131 4 4 4 4 4
2132 4 4 4 4 4
2133 4 4 4 4 4
2134 4 4 4 4 4
2135 4 4 4 4 4
2136 4 4 4 4 4
2137 5 4 4 4 4
2138 4 4 4 4 4
2139 4 4 5 4 4
2140 4 4 5 4 4
2141 4 4 4 4 4
2142 5 4 4 4 4
2143 4 4 5 4 4
2144 4 4 4 4 4
2145 4 4 5 4 4
2146 4 4 4 4 4
2147 4 4 4 4 4
2148 4 4 4 4 4
2149 4 5 4 4 4
2150 4 4 5 4 4
2151 4 4 4 4 4
2152 4 4 4 5 4
2153 4 4 4 4 4
2154 4 4 4 4 5
2155 4 4 4 4 4
2156 4 4 4 4 5
2157 4 4 4 4 4
2158 4 4 4 5 5
2159 4 4 4 5 4
2160 4 4 4 5 4
2161 4 4 4 4 4
2162 4 4 5 4 4
2163 4 4 5 4 4
2164 4 4 4 4 4
2165 4 5 4 4 4
2166 4 5 4 4 4
2167 5 4 4 4 4
2168 4 4 4 4 4
2169 4 4 4 4 4
2170 4 5 4 4 4
2171 5 4 4 4 4
2172 4 4 4 5 4
2173 4 4 4 4 5
2174 4 4 5 4 4
2175 4 5 4 4 4
2176 5 4 4 4 5
2177 4 4 4 4 4
2178 4 4 5 4 4
2179 5 4 4 4 5
2180 4 4 5 4 4
2181 4 5 4 4 4
2182 4 4 4 4 5
2183 4 4 5 4 4
2184 4 4 4 4 5
2185 4 4 4 4 4
2186 4 4 4 4 4
2187 4 5 4 4 5
2188 4 4 4 4 5
2189 4 4 5 4 4
2190 5 4 4 5 4
2191 4 5 4 4 5
2192 4 4 5 4 4
2193 5 4 4 5 4
2194 4 5 4 4 5
2195 4 4 5 4 4
2196 5 4 4 5 4
2197 4 5 4 4 4
2198 4 4 4 5 4
2199 4 5 4 4 4
2200 5 4 4 4 4
2201 4 5 4 4 5
2202 4 4 5 4 5
2203 4 5 4 5 4
2204 4 4 5 4 4
2205 5 4 4 4 4
2206 5 4 4 4 4
2207 5 6 5 7 5
2208 7 7 5 5 7
2209 5 5 5 5 5
2210 5 4 5 5 5
2211 5 5 4 5 4
2212 4 4 4 5 4
2213 4 4 4 5 4
2214 4 4 4 5 4
2215 5 4 4 4 4
2216 5 4 4 4 4
2217 5 4 4 5 4
2218 4 5 5 4 5
2219 4 4 4 4 6
2220 4 5 4 4 5
2221 4 5 4 5 4
2222 5 4 4 5 6
2223 5 4 5 4 5
2224 4 4 4 4 5
2225 4 5 4 4 4
2226 4 5 4 5 4
2227 5 4 5 4 5
2228 4 5 4 5 4
2229 5 5 4 4 4
2230 5 4 4 4 4
2231 5 4 5 4 4
2232 4 4 5 5 5
2233 4 5 4 5 4
2234 4 5 4 5 4
2235 5 4 5 4 5
2236 4 5 4 5 4
2237 5 4 5 4 5
2238 4 5 4 5 4
2239 5 4 5 4 5
2240 4 4 5 4 5
2241 4 5 4 5 4
2242 5 4 4 4 4
2243 5 4 4 4 4
2244 4 5 4 4 4
2245 4 5 4 5 4
2246 5 4 4 4 5
2247 5 4 5 4 5
2248 4 5 4 5 4
2249 5 4 5 4 4
2250 5 4 5 4 4
2251 5 4 5 4 4
2252 4 5 4 5 4
2253 5 4 5 4 5
2254 4 5 4 5 4
2255 5 4 5 5 4
2256 4 4 5 4 5
2257 4 4 5 4 5
2258 4 5 4 5 5
2259 4 4 5 4 5
2260 4 5 4 5 4
2261 5 5 4 4 5
2262 4 5 4 5 4
2263 5 4 4 5 4
2264 5 4 4 5 4
2265 5 4 4 4 4
2266 5 4 5 4 5
2267 4 4 5 4 5
2268 5 4 5 4 5
2269 4 5 4 4 5
2270 4 5 4 5 4
2271 5 4 5 4 5
2272 5 4 5 4 5
2273 4 4 5 4 5
2274 4 5 5 4 5
2275 5 5 5 4 5
2276 5 4 5 4 5
2277 5 4 5 5 4
2278 5 5 4 5 4
2279 4 5 4 5 4
2280 4 5 4 5 4
2281 4 5 4 4 5
2282 5 4 5 5 4
2283 5 5 4 5 4
2284 4 4 4 5 4
2285 5 4 4 5 5
2286 4 4 5 4 5
2287 4 4 5 4 4
2288 5 4 5 4 5
2289 4 5 5 4 5
2290 5 4 4 5 5
2291 4 5 4 5 5
2292 4 5 5 4 5
2293 5 4 5 4 4
2294 5 5 4 5 5
2295 4 5 5 4 5
2296 5 4 5 5 5
2297 4 5 4 4 5
2298 5 4 5 5 4
2299 5 4 5 4 4
2300 5 5 4 5 5
2301 4 5 5 4 5
2302 5 4 5 4 5
2303 5 5 5 4 5
2304 5 4 5 5 4
2305 5 5 4 4 5
2306 5 4 5 5 4
2307 4 5 5 4 5
2308 5 4 5 5 4
2309 4 5 5 4 5
2310 5 4 4 5 4
2311 4 5 5 4 5
2312 5 4 5 5 4
2313 4 5 5 5 4
2314 5 5 4 5 5
2315 4 5 5 5 4
2316 4 5 4 5 5
2317 4 5 5 5 4
2318 5 5 4 5 5
2319 5 4 5 5 5
2320 4 5 5 4 4
2321 5 5 5 4 5
2322 5 5 4 5 5
2323 5 5 4 5 5
2324 5 5 4 5 5
2325 5 4 5 5 5
2326 4 4 5 5 4
2327 4 5 5 4 5
2328 5 4 4 5 5
2329 4 4 5 5 4
2330 5 6 4 4 5
2331 5 5 5 4 5
2332 5 5 4 5 5
2333 5 5 4 5 5
2334 5 5 4 5 5
2335 5 4 4 5 5
2336 5 5 4 5 5
2337 5 5 5 4 5
2338 5 5 5 4 5
2339 5 4 4 5 5
2340 5 4 4 4 5
2341 5 5 5 4 5
2342 5 4 4 5 5
2343 5 4 5 6 5
2344 4 5 5 5 5
2345 5 5 4 4 5
2346 5 5 5 4 4
2347 5 5 5 5 4
2348 4 5 5 5 5
2349 5 5 5 4 5
2350 5 5 5 5 5
2351 4 4 5 5 5
2352 5 5 5 4 5
2353 5 5 5 5 5
2354 4 4 5 5 5
2355 5 4 5 5 5
2356 5 5 5 5 4
2357 5 5 5 5 4
2358 5 5 5 5 5
2359 4 5 5 5 5
2360 5 5 5 5 5
2361 5 5 5 4 5
2362 5 5 5 5 5
2363 5 4 5 5 5
2364 5 5 5 5 4
2365 5 5 5 5 5
2366 5 5 4 4 5
2367 5 5 5 5 5
2368 5 5 4 4 5
2369 5 5 5 5 4
2370 6 5 5 5 5
2371 5 5 5 5 4
2372 4 5 5 5 5
2373 5 5 5 5 5
2374 5 5 5 5 4
2375 4 5 5 5 5
2376 5 5 5 5 5
2377 5 4 4 5 5
2378 5 5 5 5 5
2379 5 4 4 5 5
2380 5 5 5 5 5
2381 5 5 5 5 5
2382 4 4 5 5 5
2383 5 5 5 5 5
2384 5 5 5 5 5
2385 5 5 5 5 5
2386 5 5 5 5 5
2387 5 5 5 5 5
2388 5 5 5 5 5
2389 5 5 5 5 4
2390 5 4 5 4 4
2391 5 4 5 5 5
2392 5 5 5 5 5
2393 5 5 5 5 4
2394 4 4 4 6 5
2395 5 4 5 4 5
2396 5 5 5 4 4
2397 4 4 5 5 5
2398 5 5 5 5 6
2399 5 5 5 5 5
2400 5 5 5 5 5
2401 5 5 5 5 5
2402 5 5 5 5 5
2403 5 5 5 5 5
2404 5 5 5 5 5
2405 5 5 5 5 5
2406 4 4 5 5 5
2407 5 5 5 4 4
2408 4 5 4 5 5
2409 6 5 5 5 5
2410 5 5 5 5 5
2411 5 5 5 5 5
2412 5 5 5 5 5
2413 5 5 5 5 5
2414 5 5 5 5 5
2415 6 5 5 5 5
2416 5 5 5 5 5
2417 5 5 5 5 5
2418 5 5 5 5 5
2419 5 5 5 5 5
2420 5 6 5 5 5
2421 5 5 5 6 5
2422 5 5 5 5 5
2423 5 5 5 5 5
2424 6 5 5 5 5
2425 5 5 5 5 5
2426 4 5 5 5 5
2427 5 5 5 6 5
2428 5 5 5 5 5
2429 5 5 6 5 5
2430 5 5 5 5 5
2431 5 5 5 5 5
2432 5 5 5 5 5
2433 5 5 6 5 5
2434 5 6 5 5 5
2435 5 5 5 5 4
2436 5 5 5 5 6
2437 5 5 5 5 5
2438 5 5 5 5 5
2439 5 5 5 5 5
2440 5 6 5 5 5
2441 5 5 5 5 5
2442 5 5 5 5 5
2443 5 5 5 5 5
2444 5 5 5 5 5
2445 5 6 5 5 5
2446 5 5 5 5 6
2447 5 6 5 5 5
2448 5 5 5 5 5
2449 5 5 5 6 5
2450 5 5 5 6 5
2451 5 5 5 5 5
2452 5 5 5 5 5
2453 5 5 5 5 5
2454 6 5 5 5 5
2455 5 5 5 5 6
2456 5 5 6 5 5
2457 5 6 5 5 5
2458 5 5 5 5 5
2459 5 6 5 5 5
2460 5 5 5 6 5
2461 5 5 6 5 5
2462 5 6 5 5 5
2463 5 5 5 5 6
2464 5 5 5 5 5
2465 5 5 6 5 5
2466 5 5 5 5 5
2467 5 5 5 5 6
2468 5 5 5 6 5
2469 5 5 6 5 6
2470 6 5 5 5 6
2471 5 5 5 7 5
2472 5 6 5 5 6
2473 5 5 5 5 5
2474 5 6 5 5 6
2475 5 5 5 5 5
2476 6 5 5 6 5
2477 5 5 5 5 5
2478 6 5 5 5 5
2479 5 5 5 5 6
2480 5 5 6 5 5
2481 6 5 5 5 5
2482 5 5 5 5 6
2483 5 6 5 5 5
2484 6 5 5 5 5
2485 5 5 6 5 5
2486 6 5 5 6 5
2487 5 6 5 5 6
2488 5 5 5 5 5
2489 6 5 5 6 5
2490 5 6 5 5 6
2491 5 5 6 5 6
2492 5 5 5 5 5
2493 6 5 5 6 5
2494 6 5 6 5 6
2495 5 5 5 6 6
2496 6 5 5 6 5
2497 5 6 5 5 6
2498 5 5 6 5 5
2499 5 5 6 5 5
2500 6 5 5 6 5
2501 6 5 5 6 5
2502 5 5 5 5 5
2503 5 6 5 5 6
2504 5 5 6 5 5
2505 6 5 5 5 5
2506 6 5 5 6 5
2507 6 5 5 6 5
2508 5 6 5 5 5
2509 5 6 5 6 5
2510 6 5 5 5 5
2511 6 5 5 5 5
2512 6 6 5 5 6
2513 5 6 5 6 5
2514 6 5 5 6 5
2515 6 5 6 5 5
2516 6 5 5 5 5
2517 5 5 6 5 6
2518 5 6 5 5 6
2519 5 5 5 5 6
2520 5 6 5 6 5
2521 6 5 6 5 6
2522 5 6 5 6 5
2523 6 5 5 6 6
2524 5 5 5 6 6
2525 5 6 5 6 5
2526 6 5 6 5 6
2527 5 6 5 6 5
2528 6 5 5 5 5
2529 5 6 5 6 5
2530 6 5 6 5 5
2531 5 5 6 6 6
2532 5 6 5 6 5
2533 6 5 6 5 6
2534 5 6 5 6 5
2535 6 5 6 5 6
2536 5 6 5 6 5
2537 6 6 5 6 5
2538 5 6 5 6 5
2539 6 5 6 5 5
2540 6 5 6 5 6
2541 5 6 6 5 6
2542 5 6 5 5 5
2543 6 5 6 6 6
2544 5 6 5 6 5
2545 5 6 5 6 5
2546 6 6 5 6 5
2547 5 5 5 6 5
2548 6 6 5 5 6
2549 5 6 5 5 5
2550 5 6 5 6 5
2551 6 6 5 6 5
2552 6 5 6 5 6
2553 6 5 6 5 6
2554 5 6 5 6 5
2555 6 6 6 5 5
2556 6 5 6 5 6
2557 5 5 6 5 6
2558 6 5 6 6 5
2559 6 5 6 5 5
2560 6 5 6 5 5
2561 6 5 6 5 5
2562 6 5 6 5 5
2563 6 5 6 5 6
2564 5 6 5 6 6
2565 5 6 5 6 5
2566 6 6 5 7 5
2567 6 6 5 6 6
2568 5 5 6 5 6
2569 6 5 6 5 5
2570 6 5 6 6 5
2571 6 6 5 5 6
2572 5 5 6 6 5
2573 6 5 6 6 5
2574 6 5 6 6 5
2575 5 6 5 6 5
2576 5 6 5 6 5
2577 5 6 6 5 6
2578 6 5 6 5 5
2579 6 5 6 6 5
2580 6 6 6 5 6
2581 6 5 5 6 5
2582 6 6 5 6 6
2583 6 5 6 6 6
2584 6 5 5 6 6
2585 5 6 5 5 6
2586 6 5 6 6 5
2587 6 6 5 6 6
2588 5 6 6 5 6
2589 5 5 7 6 6
2590 5 5 6 6 5
2591 6 6 5 5 6
2592 6 5 5 6 6
2593 6 5 6 6 5
2594 5 6 6 6 5
2595 5 6 6 5 6
2596 6 5 5 6 6
2597 5 5 6 5 5
2598 6 6 5 6 6
2599 6 5 6 5 5
2600 6 6 5 6 6
2601 6 9 8 6 6
2602 6 6 6 5 6
2603 6 6 6 5 6
2604 6 6 5 5 6
2605 6 6 6 6 5
2606 6 6 6 5 5
2607 6 6 6 6 5
2608 6 6 6 5 6
2609 6 6 5 5 6
2610 6 6 6 5 6
2611 6 5 5 6 6
2612 6 6 6 6 5
2613 5 6 6 6 6
2614 5 5 6 6 6
2615 5 5 6 6 6
2616 6 5 5 6 6
2617 5 6 6 6 6
2618 6 6 6 6 6
2619 5 5 6 6 6
2620 6 6 5 5 6
2621 6 6 5 6 6
2622 6 5 6 6 6
2623 6 6 6 6 6
2624 6 5 6 6 6
2625 6 6 5 5 6
2626 6 6 6 6 6
2627 6 5 5 6 6
2628 6 6 6 5 6
2629 6 6 6 6 6
2630 6 6 5 5 6
2631 6 6 6 6 5
2632 5 6 6 6 5
2633 5 6 6 6 6
2634 5 6 6 6 6
2635 5 5 5 6 6
2636 6 6 6 6 6
2637 6 6 6 6 6
2638 6 6 6 6 6
2639 6 5 5 6 6
2640 6 6 6 6 6
2641 6 5 6 6 6
2642 6 6 5 6 5
2643 6 6 6 6 6
2644 6 6 5 6 6
2645 6 6 6 6 6
2646 6 6 6 6 6
2647 6 6 6 6 6
2648 6 6 6 6 6
2649 6 6 6 6 5
2650 5 6 6 6 6
2651 6 6 6 6 6
2652 6 6 6 6 6
2653 6 6 6 6 6
2654 6 6 6 6 6
2655 6 6 6 6 6
2656 7 6 6 6 6
2657 6 6 6 6 6
2658 6 6 6 6 6
2659 6 7 6 6 6
2660 6 6 6 6 6
2661 6 6 6 6 6
2662 6 6 6 6 6
2663 6 6 5 6 6
2664 6 6 6 6 6
2665 6 6 6 6 6
2666 6 6 6 6 7
2667 6 6 6 6 6
2668 6 6 6 6 7
2669 6 6 6 6 6
2670 6 6 6 6 6
2671 6 6 6 6 6
2672 6 6 6 6 6
2673 6 6 6 5 5
2674 6 6 6 6 6
2675 6 6 6 6 6
2676 6 6 6 6 6
2677 6 6 6 6 6
2678 6 6 5 5 6
2679 6 6 6 6 6
2680 6 6 6 6 6
2681 6 6 6 6 6
2682 6 6 6 6 6
2683 6 6 5 6 6
2684 6 6 6 6 6
2685 6 6 6 6 6
2686 6 6 6 6 6
2687 6 6 6 6 6
2688 6 7 6 6 6
2689 6 6 6 6 7
2690 6 6 6 6 6
2691 6 6 6 6 6
2692 6 7 6 6 6
2693 6 6 6 6 6
2694 6 6 6 6 6
2695 6 6 6 6 6
2696 6 6 6 6 6
2697 6 6 6 6 6
2698 6 6 6 5 7
2699 6 6 6 6 6
2700 6 6 6 5 6
2701 6 6 7 6 6
2702 6 6 6 6 6
2703 6 6 6 7 6
2704 6 6 6 6 6
2705 6 6 6 6 6
2706 6 6 6 6 6
2707 6 6 6 6 6
2708 6 6 6 6 6
2709 6 5 6 6 6
2710 6 6 6 6 6
2711 6 6 6 6 6
2712 6 6 6 6 6
2713 6 6 7 6 6
2714 6 6 6 7 6
2715 6 6 6 7 6
2716 6 6 6 6 6
2717 5 6 6 6 6
2718 6 6 6 6 7
2719 6 6 6 6 7
2720 6 6 6 6 6
2721 6 6 6 6 6
2722 7 6 6 6 6
2723 7 6 6 6 6
2724 6 6 6 7 6
2725 6 6 6 6 6
2726 6 6 6 7 6
2727 6 7 6 6 6
2728 6 6 6 6 6
2729 6 6 6 6 6
2730 6 7 6 6 6
2731 6 6 6 6 6
2732 6 6 6 6 6
2733 6 7 6 6 7
2734 6 6 6 6 6
2735 7 6 6 6 7
2736 6 6 7 6 6
2737 6 6 6 6 7
2738 6 6 7 6 6
2739 6 6 6 6 6
2740 6 6 6 7 6
2741 6 7 6 6 6
2742 6 6 6 6 6
2743 6 6 6 6 7
2744 6 6 7 6 6
2745 6 6 6 7 6
2746 6 7 6 6 7
2747 6 6 7 6 6
2748 7 6 6 7 6
2749 6 6 6 6 6
2750 6 6 6 7 7
2751 6 7 6 6 7
2752 6 6 7 6 6
2753 7 6 7 6 6
2754 7 6 6 6 6
2755 7 6 6 7 6
2756 7 6 6 6 6
2757 7 6 6 7 6
2758 6 7 6 7 6
2759 6 7 6 6 6
2760 6 6 6 6 6
2761 7 6 6 7 6
2762 7 6 6 7 6
2763 7 6 6 6 6
2764 7 6 7 6 6
2765 7 6 7 6 7
2766 6 7 6 6 7
2767 6 7 6 7 6
2768 6 7 6 6 6
2769 6 7 6 6 6
2770 6 7 6 6 7
2771 6 7 7 6 7
2772 6 6 6 6 7
2773 6 6 6 6 7
2774 6 7 6 6 6
2775 6 6 6 6 6
2776 7 6 7 6 6
2777 7 6 7 6 7
2778 6 7 6 7 6
2779 6 6 6 6 6
2780 7 6 7 7 6
2781 7 6 6 6 6
2782 6 6 6 6 6
2783 6 7 6 6 6
2784 7 6 7 6 7
2785 6 7 6 7 6
2786 7 6 7 6 7
2787 6 7 6 6 6
2788 6 7 6 7 6
2789 7 6 7 6 6
2790 6 6 7 6 7
2791 7 7 6 7 6
2792 7 6 7 6 7
2793 6 6 7 6 7
2794 6 7 6 6 6
2795 6 6 6 6 6
2796 7 6 7 6 7
2797 6 6 7 6 7
2798 6 7 6 7 7
2799 6 7 6 7 6
2800 7 7 6 7 6
2801 7 7 6 7 6
2802 7 6 6 6 6
2803 7 6 7 6 6
2804 7 6 7 7 6
2805 7 6 6 7 7
2806 6 7 7 6 7
2807 7 6 7 6 7
2808 6 7 6 7 6
2809 6 6 7 6 6
2810 6 6 7 6 7
2811 7 6 6 7 6
2812 7 6 6 6 7
2813 7 7 6 6 7
2814 6 7 7 6 6
2815 7 6 6 7 6
2816 7 7 6 7 6
2817 6 7 7 7 7
2818 6 7 7 6 7
2819 6 6 7 6 7
2820 7 6 7 7 6
2821 6 7 6 7 7
2822 6 7 7 6 7
2823 6 6 7 6 7
2824 7 6 7 6 6
2825 7 7 6 7 6
2826 6 7 6 6 7
2827 7 6 7 7 6
2828 7 7 6 7 7
2829 6 7 6 7 7
2830 6 7 6 7 7
2831 6 7 6 6 7
2832 7 6 7 7 6
2833 7 7 6 6 7
2834 7 6 6 7 7
2835 6 7 7 6 6
2836 7 6 7 7 6
2837 7 6 6 7 7
2838 6 7 7 6 7
2839 7 6 6 7 7
2840 7 7 7 6 7
2841 7 6 6 7 6
2842 6 7 7 6 7
2843 7 7 6 7 7
2844 7 6 7 7 6
2845 7 7 6 6 7
2846 7 6 7 7 6
2847 7 7 6 7 7
2848 7 6 7 7 6
2849 7 6 8 6 6
2850 7 7 6 7 7
2851 7 7 6 7 7
2852 7 6 7 7 7
2853 6 6 7 6 6
2854 6 7 7 7 6
2855 6 7 7 7 7
2856 7 7 7 6 7
2857 7 7 6 7 6
2858 7 6 7 7 7
2859 7 7 6 6 7
2860 7 7 6 7 7
2861 7 7 7 6 7
2862 7 7 7 6 6
2863 7 6 7 7 7
2864 7 7 6 7 7
2865 7 6 6 7 7
2866 6 6 7 6 7
2867 7 7 6 6 7
2868 7 7 8 7 6
2869 6 7 7 7 7
2870 7 6 7 7 7
2871 7 7 7 7 6
2872 6 7 7 7 6
2873 7 7 7 6 7
2874 7 7 7 7 7
2875 6 6 7 7 7
2876 7 7 7 6 7
2877 6 7 7 7 7
2878 7 7 7 7 7
2879 7 7 6 7 6
2880 7 7 7 7 7
2881 7 7 6 6 7
2882 7 7 7 7 6
2883 6 7 7 7 7
2884 7 6 6 7 7
2885 7 7 7 7 7
2886 6 7 7 7 7
2887 6 8 7 7 7
2888 7 7 7 7 7
2889 7 7 7 7 6
2890 6 6 6 7 6
2891 7 7 7 7 7
2892 7 7 7 7 7
2893 7 6 7 7 7
2894 7 7 7 7 7
2895 7 7 7 7 7
2896 6 7 7 7 7
2897 7 7 7 7 7
2898 7 7 7 7 7
2899 7 7 8 7 7
2900 7 7 7 7 7
2901 7 7 7 6 7
2902 7 7 7 7 7
2903 7 7 7 7 7
2904 7 7 6 6 7
2905 6 7 6 7 7
2906 7 7 7 7 7
2907 7 7 6 6 7
2908 6 6 7 6 6
2909 7 7 6 7 7
2910 7 7 7 7 7
2911 7 7 7 7 7
2912 7 7 7 7 7
2913 7 7 7 9 7
2914 7 7 7 7 7
2915 7 7 7 7 7
2916 6 7 6 7 7
2917 7 7 7 7 7
2918 7 7 7 7 7
2919 7 7 7 7 7
2920 7 7 7 7 6
2921 7 7 6 7 7
2922 8 7 7 7 7
2923 7 7 7 7 7
2924 7 7 6 7 7
2925 7 7 7 7 7
2926 7 7 7 7 7
2927 7 7 7 7 7
2928 7 7 7 6 6
2929 6 7 7 7 7
2930 7 7 7 7 7
2931 7 7 6 7 7
2932 7 7 7 7 7
2933 7 8 7 7 7
2934 7 7 7 7 7
2935 7 7 6 7 7
2936 7 7 7 7 7
2937 8 7 7 7 7
2938 7 7 7 7 7
2939 7 7 7 7 7
2940 7 7 7 7 7
2941 7 7 7 7 8
2942 7 7 8 7 7
2943 7 7 7 7 7
2944 7 7 7 7 7
2945 7 7 7 7 7
2946 7 7 7 7 7
2947 7 7 7 7 7
2948 7 7 7 7 7
2949 7 7 7 7 7
2950 7 7 7 7 7
2951 7 7 8 7 7
2952 7 7 7 7 7
2953 6 6 7 7 7
2954 7 7 7 7 7
2955 7 7 8 7 7
2956 7 7 7 7 7
2957 7 7 7 7 7
2958 7 7 8 7 7
2959 7 7 7 7 7
2960 7 7 7 8 7
2961 7 7 7 8 7
2962 7 7 7 7 7
2963 7 8 7 7 7
2964 8 7 7 7 7
2965 7 7 7 8 7
2966 7 7 8 7 7
2967 7 7 8 7 7
2968 7 7 7 7 7
2969 7 8 7 7 7
2970 8 7 7 8 7
2971 7 7 7 7 7
2972 7 8 7 7 7
2973 7 7 7 7 7
2974 7 7 7 7 7
2975 7 8 7 7 8
2976 7 7 7 7 7
2977 7 7 8 7 7
2978 7 8 7 7 7
2979 7 7 7 7 7
2980 7 7 7 7 7
2981 8 7 7 7 7
2982 7 8 7 7 8
2983 7 7 8 7 7
2984 7 7 7 7 7
2985 8 7 7 8 7
2986 7 8 7 7 7
2987 7 7 7 7 7
2988 7 7 8 7 7
2989 7 7 7 7 7
2990 7 8 7 7 7
2991 7 8 7 7 7
2992 7 8 7 7 8
2993 7 7 7 7 7
2994 7 7 7 8 7
2995 7 7 7 7 8
2996 8 7 7 7 8
2997 7 7 7 7 7
2998 7 7 8 7 7
2999 7 7 7 7 7
3000 8 7 8 7 7
3001 7 7 8 7 7
3002 7 7 7 7 7
3003 7 7 7 8 7
3004 7 7 7 8 8
3005 7 8 7 7 8
3006 7 7 7 7 7
3007 7 8 7 7 8
3008 7 8 7 7 8
3009 7 7 7 7 8
3010 7 7 7 7 8
3011 7 7 8 7 8
3012 7 7 8 7 7
3013 7 8 7 7 8
3014 7 8 7 7 8
3015 7 8 7 7 8
3016 7 8 7 8 7
3017 8 7 8 7 8
3018 7 7 7 7 8
3019 7 8 7 7 7
3020 8 7 7 7 8
3021 7 8 7 7 8
3022 8 7 8 7 8
3023 7 7 7 7 8
3024 8 7 8 7 7
3025 7 7 7 8 7
3026 8 7 8 7 7
3027 7 7 8 7 7
3028 7 8 7 8 7
3029 7 7 7 7 7
3030 8 7 8 7 7
3031 7 8 8 7 8
3032 7 8 7 8 7
3033 7 7 10 7 8
3034 7 7 7 7 7
3035 7 8 7 7 8
3036 7 7 7 7 7
3037 7 7 7 7 8
3038 7 7 7 8 7
3039 8 8 7 8 8
3040 7 8 7 7 8
3041 7 8 8 7 8
3042 7 8 7 8 8
3043 7 8 7 8 7
3044 8 7 8 7 8
3045 7 7 7 7 8
3046 7 8 7 8 8
3047 7 8 7 9 8
3048 7 8 8 7 8
3049 7 7 8 7 8
3050 8 8 7 8 7
3051 7 8 7 7 8
3052 7 8 8 7 8
3053 7 8 7 8 7
3054 7 8 8 7 8
3055 7 8 7 8 7
3056 8 8 8 7 8
3057 7 7 8 7 8
3058 7 7 8 7 8
3059 8 7 8 10 9
3060 8 7 8 8 7
3061 8 7 7 8 8
3062 7 7 8 7 7
3063 8 8 7 8 8
3064 8 8 7 9 8
3065 7 8 7 8 8
3066 7 7 8 7 7
3067 8 7 7 8 7
3068 7 8 7 8 8
3069 8 7 8 7 7
3070 8 7 8 7 7
3071 8 8 7 8 8
3072 7 8 7 7 8
3073 9 7 8 8 8
3074 7 7 8 8 8
3075 8 7 7 8 8
3076 8 8 8 7 7
3077 8 8 8 7 8
3078 8 7 7 8 8
3079 7 7 8 8 8
3080 7 7 8 8 7
3081 8 7 8 7 7
3082 7 8 8 8 7
3083 8 8 8 8 7
3084 7 8 8 8 8
3085 7 7 7 8 8
3086 8 7 7 8 8
3087 7 7 8 8 7
3088 7 8 8 8 11
3089 11 12 12 13 12
3090 9 8 8 9 8
3091 8 8 8 8 7
3092 8 8 8 8 8
3093 8 8 13 12 12
3094 9 9 9 9 9
3095 9 8 8 9 8
3096 8 7 8 8 8
3097 8 8 7 7 8
3098 8 8 8 8 8
3099 8 8 8 7 7
3100 8 8 7 8 8
3101 8 8 8 7 8
3102 8 8 8 8 8
3103 8 7 8 7 7
3104 8 8 8 8 8
3105 8 8 8 8 7
3106 7 8 8 8 8
3107 8 8 7 7 8
3108 8 8 8 8 8
3109 8 8 8 8 7
3110 7 7 8 8 8
3111 8 8 8 8 8
3112 8 7 7 9 8
3113 8 8 8 8 8
3114 8 9 8 7 8
3115 8 8 7 7 7
3116 7 7 7 8 8
3117 8 7 8 8 8
3118 8 8 8 7 8
3119 8 8 8 7 8
3120 8 8 8 8 8
3121 8 7 7 8 8
3122 8 8 9 8 8
3123 8 8 8 7 7
3124 8 8 8 8 8
3125 9 8 8 8 8
3126 7 7 8 7 7
3127 7 8 8 8 8
3128 8 8 8 8 8
3129 8 8 8 8 8
3130 8 8 7 8 8
3131 8 8 8 8 8
3132 8 8 8 8 8
3133 8 8 8 8 7
3134 8 8 8 8 8
3135 8 8 8 7 7
3136 9 7 8 7 8
3137 7 8 8 8 8
3138 8 8 8 8 8
3139 8 7 7 7 7
3140 8 8 8 8 8
3141 8 8 8 8 8
3142 8 8 8 8 8
3143 8 8 8 8 8
3144 7 7 8 7 8
3145 8 8 8 8 8
3146 8 8 8 9 8
3147 8 8 8 8 8
3148 8 8 8 8 8
3149 8 8 8 8 9
3150 8 8 8 7 8
3151 8 8 8 8 8
3152 8 8 9 8 8
3153 8 8 8 8 8
3154 8 8 7 8 9
3155 8 8 8 8 8
3156 8 8 8 8 8
3157 8 8 8 8 8
3158 8 8 8 8 8
3159 8 8 8 8 8
3160 8 8 8 8 8
3161 8 8 8 8 8
3162 8 9 8 8 8
3163 8 8 8 8 8
3164 8 8 8 8 8
3165 9 8 8 8 8
3166 8 8 8 8 8
3167 8 8 8 8 8
3168 8 8 9 8 8
3169 8 8 8 8 8
3170 8 8 8 9 8
3171 8 8 8 8 8
3172 9 8 8 8 8
3173 8 8 9 8 8
3174 8 9 8 8 8
3175 7 8 8 8 8
3176 8 8 8 8 7
3177 8 8 8 8 8
3178 8 8 9 8 8
3179 8 8 8 9 8
3180 8 8 9 8 8
3181 8 8 8 8 8
3182 9 8 8 9 8
3183 8 9 9 8 8
3184 9 8 8 9 8
3185 8 8 8 8 8
3186 8 9 9 8 8
3187 9 8 8 9 8
3188 8 8 8 8 8
3189 9 8 9 8 8
3190 9 8 8 8 8
3191 8 8 8 8 8
3192 8 8 8 8 8
3193 9 8 8 8 8
3194 9 9 8 9 8
3195 8 8 8 8 9
3196 8 8 9 8 8
3197 8 8 8 9 8
3198 8 9 9 8 8
3199 8 8 8 8 8
3200 8 8 9 8 8
3201 8 8 9 8 8
3202 9 8 9 8 8
3203 8 8 9 8 8
3204 9 8 8 8 8
3205 9 8 8 8 8
3206 9 8 8 8 8
3207 8 8 8 8 8
3208 8 9 8 9 8
3209 8 9 8 8 10
3210 8 9 9 8 8
3211 8 8 9 8 8
3212 8 8 8 8 9
3213 8 8 9 8 9
3214 8 9 8 9 8
3215 8 9 8 9 8
3216 8 8 8 9 8
3217 9 8 9 9 8
3218 9 8 8 8 9
3219 8 9 8 9 8
3220 8 9 8 8 8
3221 8 8 9 8 8
3222 8 9 9 8 9
3223 8 9 8 9 8
3224 8 9 8 8 8
3225 8 10 9 8 9
3226 8 9 8 9 8
3227 9 8 9 8 8
3228 8 8 8 8 8
3229 8 9 8 9 8
3230 9 8 9 8 9
3231 8 9 8 9 8
3232 9 8 8 9 8
3233 10 8 9 8 9
3234 8 9 8 9 8
3235 9 8 8 8 9
3236 8 8 8 9 8
3237 9 8 9 8 9
3238 8 9 8 9 8
3239 8 9 8 9 8
3240 8 9 8 10 9
3241 8 9 8 9 8
3242 9 8 8 8 8
3243 9 8 9 8 8
3244 9 8 9 8 9
3245 8 9 9 8 8
3246 9 8 9 8 8
3247 9 8 8 8 9
3248 8 9 9 9 8
3249 9 9 8 9 8
3250 9 8 8 9 8
3251 9 8 8 9 8
3252 8 9 8 8 9
3253 8 9 9 8 9
3254 9 8 9 8 9
3255 8 9 8 9 8
3256 8 9 9 8 9
3257 8 8 9 8 9
3258 8 8 9 8 8
3259 9 8 9 8 9
3260 8 8 9 8 9
3261 9 8 8 9 8
3262 9 8 9 8 9
3263 8 9 8 10 9
3264 8 9 9 8 9
3265 9 8 9 9 8
3266 9 9 8 9 9
3267 8 9 9 8 9
3268 8 8 9 9 9
3269 8 8 8 9 8
3270 8 9 8 9 9
3271 10 9 9 8 8
3272 9 8 8 9 8
3273 8 9 9 8 9
3274 9 8 8 9 9
3275 8 9 9 9 8
3276 9 8 9 8 8
3277 9 9 8 9 9
3278 8 8 9 9 9
3279 9 8 8 9 9
3280 9 8 9 8 8
3281 9 8 8 9 9
3282 9 8 8 9 9
3283 8 9 9 8 9
3284 9 9 8 9 9
3285 9 8 9 9 8
3286 9 9 9 8 8
3287 9 9 9 9 8
3288 8 9 9 9 9
3289 8 9 9 9 8
3290 8 9 9 8 9
3291 9 10 9 9 9
3292 8 8 9 8 9
3293 8 9 9 9 9
3294 8 9 9 9 8
3295 9 9 9 8 8
3296 9 9 9 8 8
3297 9 9 9 8 8
3298 9 9 9 8 8
3299 9 9 8 8 9
3300 9 8 9 8 9
3301 10 9 9 9 9
3302 9 9 8 8 8
3303 9 9 9 9 8
3304 8 9 9 9 9
3305 9 8 8 9 9
3306 8 8 8 9 9
3307 9 9 9 8 8
3308 9 9 9 9 9
3309 9 9 8 8 9
3310 8 8 8 9 9
3311 9 9 9 9 9
3312 9 8 8 8 9
3313 9 9 9 9 9
3314 9 9 9 9 9
3315 9 9 9 9 8
3316 10 8 8 8 8
3317 9 9 9 9 9
3318 9 9 9 9 9
3319 9 9 8 8 8
3320 8 9 9 9 9
3321 9 8 8 9 8
3322 11 9 9 9 9
3323 9 9 9 9 9
3324 9 9 9 9 9
3325 10 9 9 9 9
3326 9 9 9 9 9
3327 9 9 9 9 9
3328 9 8 9 9 9
3329 9 9 9 9 10
3330 8 9 9 10 9
3331 9 9 8 9 9
3332 9 9 9 9 9
3333 9 9 9 9 9
3334 8 8 8 8 9
3335 9 9 9 9 9
3336 9 11 9 9 9
3337 9 9 9 8 8
3338 10 9 9 9 9
3339 9 9 9 9 9
3340 9 9 9 9 9
3341 9 9 9 9 9
3342 9 9 9 8 10
3343 9 9 9 9 9
3344 10 9 9 9 9
3345 9 9 9 9 9
3346 9 9 9 9 9
3347 9 10 9 9 9
3348 9 9 9 9 9
3349 9 9 8 9 9
3350 9 9 8 8 8
3351 8 9 9 9 9
3352 9 9 8 9 8
3353 8 8 8 9 9
3354 9 9 9 9 9
3355 9 9 9 9 9
3356 9 9 9 9 9
3357 9 9 9 9 9
3358 9 9 9 8 8
3359 8 8 8 9 11
3360 9 9 9 9 8
3361 9 9 9 9 9
3362 9 9 9 9 9
3363 9 9 9 9 10
3364 9 9 9 9 9
3365 9 9 9 9 9
3366 10 9 9 9 9
3367 11 9 9 9 9
3368 9 9 9 9 9
3369 10 9 9 9 9
3370 8 9 9 9 9
3371 9 10 9 9 9
3372 9 9 9 10 9
3373 9 9 9 9 10
3374 9 9 9 9 9
3375 9 9 9 9 9
3376 9 9 8 9 9
3377 9 9 9 9 9
3378 9 9 9 9 9
3379 9 10 9 9 10
3380 10 9 9 9 9
3381 9 10 9 9 10
3382 9 9 9 9 10
3383 9 9 9 10 9
3384 9 9 10 9 9
3385 9 9 9 9 10
3386 9 9 9 9 9
3387 9 9 9 9 9
3388 8 8 8 10 10
3389 9 9 9 9 9
3390 9 9 9 9 9
3391 9 9 9 9 10
3392 9 9 9 9 9
3393 9 9 8 9 9
3394 9 9 9 9 9
3395 9 10 10 9 10
3396 9 9 9 9 9
3397 9 9 9 9 9
3398 9 9 10 9 9
3399 10 9 9 9 9
3400 9 9 9 9 9
3401 9 9 9 9 9
3402 9 10 9 9 9
3403 10 9 10 9 9
3404 10 9 9 10 9
3405 9 9 9 9 10
3406 9 9 10 9 9
3407 9 9 9 10 9
3408 9 9 9 9 9
3409 10 9 9 9 9
3410 10 9 9 10 9
3411 9 9 9 10 9
3412 10 9 10 9 9
3413 10 9 10 9 9
3414 10 9 9 9 9
3415 9 10 9 10 9
3416 9 9 9 9 9
3417 10 9 9 10 10
3418 9 9 10 9 10
3419 9 10 9 10 9
3420 9 10 9 9 10
3421 9 10 9 9 9
3422 9 9 10 9 10
3423 9 10 9 10 9
3424 9 10 9 9 11
3425 9 9 9 10 9
3426 10 9 10 9 10
3427 9 9 10 9 10
3428 9 10 9 10 9
3429 9 9 9 9 9
3430 10 10 10 9 9
3431 9 10 9 9 10
3432 9 9 9 10 9
3433 10 10 9 10 9
3434 10 9 9 9 11
3435 10 10 10 9 10
3436 9 9 9 10 9
3437 9 9 10 10 9
3438 10 10 9 10 9
3439 10 9 10 9 10
3440 9 10 9 10 9
3441 10 9 10 9 9
3442 10 9 9 10 9
3443 10 9 10 10 10
3444 9 10 9 10 9
3445 9 10 9 10 9
3446 10 9 9 10 9
3447 10 9 10 9 10
3448 9 10 9 10 9
3449 10 10 9 10 9
3450 9 9 10 9 10
3451 9 10 9 10 9
3452 10 9 9 9 9
3453 9 9 9 10 9
3454 10 10 10 9 10
3455 9 9 9 10 9
3456 10 9 10 9 10
3457 9 10 9 10 10
3458 9 10 9 10 9
3459 10 10 9 9 10
3460 9 9 9 9 10
3461 9 9 9 9 9
3462 9 10 9 9 10
3463 9 10 10 9 10
3464 9 10 10 10 10
3465 9 10 9 10 10
3466 10 9 9 9 9
3467 10 9 10 10 9
3468 10 9 9 10 9
3469 10 9 9 10 9
3470 9 9 10 9 10
3471 9 9 10 9 10
3472 10 9 9 9 10
3473 9 9 10 9 10
3474 10 9 9 10 10
3475 10 9 9 10 9
3476 9 9 9 9 10
3477 9 10 10 9 10
3478 10 9 10 10 9
3479 10 9 10 10 10
3480 10 10 10 9 10
3481 10 9 10 10 9
3482 9 10 10 9 9
3483 10 9 10 10 9
3484 9 10 9 9 10
3485 9 11 9 10 10
3486 10 9 10 10 10
3487 10 9 11 9 9
3488 10 10 9 9 10
3489 10 9 9 10 10
3490 10 9 10 10 10
3491 9 9 9 10 10
3492 9 10 10 9 10
3493 10 10 10 9 9
3494 10 10 9 10 10
3495 10 9 11 10 10
3496 9 10 10 10 10
3497 9 9 10 9 9
3498 10 10 9 10 9
3499 10 10 9 9 10
3500 9 12 10 10 10
3501 9 9 10 10 10
3502 10 9 9 10 10
3503 10 9 9 10 10
3504 9 10 10 9 10
3505 10 10 10 11 9
3506 10 10 9 10 10
3507 11 10 10 9 9
3508 10 10 10 9 9
3509 10 10 10 10 10
3510 9 9 10 10 10
3511 10 10 10 10 10
3512 9 9 10 10 10
3513 10 9 9 9 11
3514 10 10 10 9 9
3515 9 10 10 11 10
3516 10 10 9 9 9
3517 9 10 10 10 10
3518 9 9 10 10 10
3519 10 10 9 9 9
3520 10 10 9 11 9
3521 10 10 10 10 9
3522 9 10 10 10 10
3523 10 10 10 9 9
3524 10 10 10 10 10
3525 10 9 10 11 11
3526 9 10 9 10 10
3527 10 10 10 9 10
3528 10 10 10 10 10
3529 10 10 10 10 9
3530 9 9 9 10 10
3531 11 9 10 10 9
3532 9 10 10 10 10
3533 10 10 9 10 10
3534 11 10 10 10 10
3535 10 10 10 10 10
3536 10 10 10 10 10
3537 10 10 10 10 9
3538 10 9 9 9 9
3539 10 10 10 10 10
3540 10 10 10 10 10
3541 11 10 10 10 10
3542 10 10 10 10 10
3543 10 10 10 10 10
3544 9 9 10 10 10
3545 10 10 10 10 10
3546 10 10 10 10 10
3547 10 10 11 10 10
3548 10 10 10 10 10
3549 10 10 10 10 10
3550 10 10 10 9 9
3551 10 10 10 9 9
3552 10 9 9 9 9
3553 10 10 10 10 9
3554 10 10 10 10 10
3555 10 10 10 11 10
3556 10 10 10 10 10
3557 10 10 10 10 10
3558 10 11 10 10 10
3559 10 10 10 10 10
3560 10 10 10 10 10
3561 10 10 10 10 10
3562 9 10 10 10 10
3563 10 10 10 9 10
3564 10 10 10 10 10
3565 10 11 10 10 10
3566 9 10 9 9 9
3567 9 10 11 10 10
3568 10 10 10 10 10
3569 10 10 10 10 10
3570 10 10 10 10 11
3571 10 10 10 10 10
3572 9 9 10 10 10
3573 10 10 10 10 11
3574 10 10 10 10 10
3575 10 10 10 10 10
3576 10 10 10 10 10
3577 10 10 10 10 10
3578 10 10 10 10 10
3579 10 10 10 9 10
3580 11 10 10 11 10
3581 10 10 10 10 10
3582 11 10 10 10 10
3583 10 10 10 10 10
3584 10 10 10 10 10
3585 11 10 10 10 10
3586 11 10 10 10 10
3587 11 10 10 10 11
3588 10 10 10 10 11
3589 10 10 10 10 10
3590 10 10 10 11 10
3591 10 10 11 10 10
3592 11 10 10 10 10
3593 10 10 9 11 10
3594 10 10 10 10 10
3595 10 10 11 10 10
3596 10 11 10 10 10
3597 10 10 10 10 11
3598 10 10 11 10 10
3599 10 11 10 10 10
3600 10 11 10 10 10
3601 10 10 10 10 10
3602 10 10 10 10 10
3603 10 10 10 10 11
3604 10 10 11 10 10
3605 11 10 10 11 10
3606 10 11 10 11 11
3607 10 11 10 10 10
3608 10 11 10 10 10
3609 10 10 10 10 10
3610 10 11 10 10 11
3611 10 11 10 10 10
3612 10 10 10 10 10
3613 10 10 10 11 10
3614 10 10 11 10 10
3615 10 11 10 10 11
3616 10 10 11 10 10
3617 10 10 10 10 11
3618 10 10 10 10 11
3619 10 11 10 11 11
3620 10 10 10 11 10
3621 11 10 10 10 10
3622 11 10 11 10 10
3623 11 10 10 10 10
3624 10 10 10 10 10
3625 10 10 10 10 10
3626 10 10 10 11 10
3627 11 10 10 11 10
3628 11 10 11 10 10
3629 11 10 11 11 10
3630 10 10 11 11 10
3631 11 10 10 11 10
3632 11 10 12 10 11
3633 10 11 11 11 10
3634 11 10 11 10 11
3635 10 10 10 10 11
3636 10 10 10 10 11
3637 10 11 10 11 10
3638 11 10 10 10 11
3639 11 10 10 10 10
3640 10 10 11 10 10
3641 10 10 10 10 11
3642 10 11 10 11 11
3643 10 10 11 10 11
3644 10 11 10 10 10
3645 10 11 10 10 10
3646 10 10 10 10 10
3647 10 10 10 10 10
3648 10 10 10 10 10
3649 11 10 11 10 11
3650 10 11 10 10 10
3651 10 10 11 11 10
3652 10 11 10 11 10
3653 10 10 10 11 10
3654 11 10 11 10 10
3655 10 11 10 10 11
3656 10 10 10 10 10
3657 11 10 10 10 11
3658 10 10 11 10 10
3659 11 10 11 10 10
3660 11 10 11 10 10
3661 11 10 11 10 11
3662 10 11 11 10 11
3663 10 11 10 11 10
3664 10 12 11 11 10
3665 11 10 10 11 10
3666 11 10 11 10 10
3667 10 10 11 11 10
3668 11 11 10 10 11
3669 11 10 11 11 10
3670 10 10 10 12 11
3671 10 11 10 10 11
3672 10 11 10 10 11
3673 10 11 11 10 11
3674 11 10 11 10 10
3675 10 10 11 10 11
3676 10 11 11 10 10
3677 11 10 10 11 10
3678 10 11 11 10 10
3679 11 10 10 11 10
3680 11 11 10 11 11
3681 10 11 11 10 11
3682 10 10 11 10 11
3683 10 11 10 11 11
3684 11 10 11 11 11
3685 10 11 10 10 12
3686 10 10 11 11 10
3687 11 11 10 11 11
3688 11 10 11 11 11
3689 11 10 12 11 12
3690 10 11 11 11 10
3691 10 10 11 11 10
3692 10 11 10 10 11
3693 11 10 11 11 10
3694 11 11 11 10 11
3695 11 10 10 12 11
3696 10 11 10 11 11
3697 10 10 11 11 10
3698 11 11 11 10 10
3699 12 11 10 10 11
3700 11 10 10 11 11
3701 10 11 11 10 10
3702 11 10 10 11 11
3703 10 10 11 11 11
3704 10 11 11 10 10
3705 11 11 10 11 11
3706 10 11 11 11 11
3707 11 11 11 11 11
3708 11 11 10 10 11
3709 11 11 11 11 11
3710 10 11 10 12 11
3711 11 10 11 11 11
3712 11 10 10 11 11
3713 11 11 11 11 11
3714 11 10 11 10 10
3715 11 12 11 10 11
3716 11 11 11 11 11
3717 10 10 11 11 10
3718 10 10 10 10 11
3719 11 11 11 11 11
3720 11 10 10 10 11
3721 11 11 11 11 11
3722 11 11 11 11 10
3723 10 11 11 11 11
3724 11 11 11 10 10
3725 11 11 10 11 11
3726 11 11 11 12 10
3727 11 10 11 11 11
3728 11 11 11 11 11
3729 11 11 11 11 11
3730 11 13 11 10 11
3731 11 11 11 11 11
3732 11 11 11 11 12
3733 10 10 10 10 11
3734 11 11 10 11 11
3735 11 11 12 11 11
3736 11 10 11 11 11
3737 11 11 11 11 11
3738 11 11 11 11 11
3739 11 11 11 11 11
3740 11 11 11 11 11
3741 11 11 11 11 11
3742 11 11 10 11 11
3743 10 10 10 11 10
3744 10 11 10 10 10
3745 12 11 10 11 11
3746 11 11 11 11 11
3747 10 10 10 10 11
3748 11 11 10 11 11
3749 10 11 11 11 11
3750 11 11 11 11 11
3751 11 11 11 11 11
3752 11 11 10 10 10
3753 11 11 11 11 11
3754 11 11 11 11 11
3755 11 12 10 11 11
3756 11 11 11 11 11
3757 11 11 10 11 11
3758 11 11 11 11 11
3759 11 10 11 11 11
3760 11 11 11 11 11
3761 11 11 11 11 10
3762 11 11 11 11 11
3763 11 12 11 11 10
3764 10 11 11 11 11
3765 11 11 12 11 11
3766 11 11 12 11 11
3767 11 11 11 11 11
3768 11 10 11 11 11
3769 11 13 11 11 11
3770 11 11 11 11 12
3771 11 11 11 11 11
3772 10 11 11 11 11
3773 12 11 11 11 11
3774 11 11 11 11 11
3775 11 11 11 11 11
3776 12 11 11 11 12
3777 11 11 11 11 11
3778 11 12 11 11 11
3779 11 11 11 10 10
3780 11 11 11 11 11
3781 11 11 11 11 11
3782 11 11 11 11 11
3783 11 11 11 11 11
3784 11 11 11 11 11
3785 11 12 11 12 11
3786 11 11 11 11 11
3787 11 12 11 11 11
3788 11 12 11 11 11
3789 11 11 11 11 11
3790 11 11 11 11 12
3791 11 11 11 11 11
3792 12 11 11 11 11
3793 11 12 11 11 11
3794 11 11 11 12 11
3795 11 12 11 11 12
3796 11 11 12 11 11
3797 11 11 11 11 12
3798 11 11 11 11 11
3799 11 12 11 11 12
3800 11 11 11 11 11
3801 11 11 11 12 11
3802 11 11 11 11 11
3803 12 11 11 11 11
3804 11 12 11 11 12
3805 11 11 12 11 12
3806 11 11 11 11 11
3807 12 11 11 11 11
3808 12 11 12 11 12
3809 11 11 12 11 11
3810 12 11 11 11 11
3811 13 11 12 11 11
3812 11 11 12 11 12
3813 11 12 11 11 11
3814 11 11 11 11 11
3815 11 11 11 12 11
3816 11 11 11 11 12
3817 11 11 11 11 11
3818 12 11 12 11 11
3819 11 11 12 11 11
3820 11 12 11 11 12
3821 11 11 11 12 11
3822 11 11 11 11 13
3823 11 11 11 12 11
3824 11 11 12 12 11
3825 11 11 12 11 11
3826 11 12 11 12 12
3827 11 12 11 11 12
3828 11 11 12 11 12
3829 11 12 11 12 11
3830 12 11 12 11 12
3831 11 12 11 12 11
3832 11 12 12 11 11
3833 11 11 11 12 11
3834 12 12 11 12 11
3835 11 11 11 11 11
3836 12 11 11 11 12
3837 11 12 11 12 11
3838 11 12 11 12 11
3839 12 11 12 11 11
3840 11 12 12 11 12
3841 11 12 11 11 12
3842 12 11 12 11 11
3843 12 11 12 11 12
3844 11 11 11 11 11
3845 11 12 11 11 11
3846 11 13 12 12 11
3847 12 12 11 12 12
3848 11 12 11 12 11
3849 11 11 12 11 12
3850 12 11 12 12 11
3851 12 11 12 11 11
3852 13 12 12 12 11
3853 12 11 11 11 11
3854 11 11 12 11 11
3855 12 11 12 11 11
3856 12 11 12 11 11
3857 12 11 12 11 12
3858 12 11 11 12 11
3859 13 12 11 11 12
3860 11 12 11 11 12
3861 12 12 11 11 12
3862 12 12 11 11 12
3863 11 11 11 12 12
3864 11 12 12 11 12
3865 12 12 12 11 11
3866 12 11 12 12 11
3867 12 12 12 11 11
3868 12 11 12 11 11
3869 12 12 12 11 11
3870 12 12 11 11 12
3871 11 12 12 12 11
3872 11 12 12 11 11
3873 12 11 11 11 11
3874 12 12 11 12 12
3875 11 11 12 12 11
3876 13 12 11 11 12
3877 12 11 12 11 11
3878 12 12 11 12 12
3879 12 11 11 11 12
3880 11 11 12 12 12
3881 11 11 11 12 12
3882 11 11 11 12 12
3883 12 11 11 12 12
3884 11 11 12 12 12
3885 12 12 12 11 11
3886 12 12 11 12 12
3887 12 11 11 12 12
3888 12 11 12 12 12
3889 11 11 12 12 12
3890 12 12 12 11 12
3891 12 12 12 11 12
3892 12 13 12 12 12
3893 12 12 12 12 12
3894 11 11 12 12 12
3895 12 12 11 12 12
3896 12 11 11 11 11
3897 12 12 12 11 11
3898 12 12 11 11 11
3899 12 12 12 12 12
3900 12 11 11 12 12
3901 12 12 12 12 12
3902 12 12 12 11 11
3903 12 12 12 13 12
3904 12 12 12 12 12
3905 11 11 11 11 11
3906 12 12 12 12 12
3907 12 12 12 12 12
3908 12 11 11 12 12
3909 12 13 12 13 12
3910 12 12 12 12 12
3911 12 12 12 12 12
3912 11 11 12 12 12
3913 12 12 12 12 12
3914 12 12 11 11 14
3915 12 12 12 12 12
3916 12 12 12 12 12
3917 12 12 11 12 12
3918 12 12 12 11 11
3919 12 12 12 12 12
3920 11 12 12 13 12
3921 12 12 12 12 12
3922 11 11 11 12 12
3923 12 12 12 12 12
3924 12 12 11 11 12
3925 11 12 12 12 12
3926 12 13 12 12 12
3927 12 12 12 12 12
3928 12 12 12 12 12
3929 12 12 12 12 12
3930 12 11 12 11 11
3931 11 12 11 13 12
3932 12 12 12 11 12
3933 12 12 11 11 12
3934 12 12 12 13 12
3935 12 11 12 12 12
3936 12 12 12 12 12
3937 12 13 12 12 12
3938 12 12 12 12 12
3939 12 12 12 12 12
3940 12 12 12 12 11
3941 12 12 12 12 12
3942 12 12 12 13 13
3943 12 13 12 12 12
3944 12 12 12 12 12
3945 12 12 12 12 12
3946 12 12 12 12 12
3947 12 12 12 12 12
3948 12 12 13 12 12
3949 11 12 12 12 12
3950 12 12 12 13 12
3951 13 12 12 11 12
3952 12 12 12 12 12
3953 13 12 12 12 14
3954 12 12 12 12 12
3955 12 12 12 12 12
3956 12 12 13 12 12
3957 12 12 12 12 12
3958 12 12 12 12 12
3959 12 13 13 12 12
3960 12 12 11 12 12
3961 12 13 12 12 12
3962 12 12 12 12 12
3963 12 12 12 12 12
3964 12 12 12 12 11
3965 12 12 12 12 13
3966 12 12 12 12 12
3967 12 13 12 12 12
3968 12 12 12 12 12
3969 12 12 12 13 12
3970 12 12 13 12 12
3971 12 12 12 12 12
3972 12 12 12 12 12
3973 12 12 12 12 12
3974 12 12 12 12 12
3975 12 12 12 12 14
3976 12 12 13 12 12
3977 12 12 13 12 12
3978 12 12 12 12 12
3979 12 12 13 12 12
3980 13 12 12 12 12
3981 12 12 13 12 12
3982 12 12 12 12 12
3983 13 12 12 13 12
3984 13 12 12 12 12
3985 12 12 12 12 12
3986 12 12 12 12 13
3987 12 12 13 12 12
3988 12 12 13 12 12
3989 13 12 12 12 12
3990 13 12 12 13 12
3991 13 12 13 12 12
3992 11 13 12 13 12
3993 13 12 12 12 12
3994 13 12 12 12 12
3995 12 12 12 12 12
3996 12 13 13 12 12
3997 12 12 12 13 12
3998 12 13 12 12 12
3999 12 12 13 13 12
4000 12 13 12 12 12
