0
22.749854 85.911597
93.987665 10.444433
90.089128 72.753465
96.169650 73.844563
88.161632 22.420491
40.782292 71.262003
8.731799 96.807159
90.547699 92.085765
93.211998 49.849540
27.750582 74.701889
98.184843 63.184167
53.858657 13.590576
77.999385 83.796739
92.070517 68.194950
88.790006 53.092425
28.438621 74.370191
69.145631 9.104695
67.156296 3.069383
6.660837 63.969757
68.664250 32.895127
56.729357 7.328814
85.423321 3.243590
40.194317 62.980534
9.516699 92.990353
9.848516 30.891302
98.686249 26.015008
42.281953 79.580910
52.973920 39.334219
81.202677 14.936580
72.830711 62.210500
31.110966 40.668313
41.371976 45.326724
76.085761 42.903735
38.399353 47.963943
77.446177 76.830772
11.875944 38.092830
86.179766 6.831632
3.732791 85.386653
91.283250 53.211729
51.201103 30.386392
13.540149 28.412335
62.306139 94.396231
45.763872 3.505950
94.724944 54.160345
35.163492 31.808424
50.901705 42.969513
1.243557 70.602178
39.130716 55.568799
83.528061 84.249867
40.258518 28.085182
17.402623 82.388117
62.723064 36.166613
43.497895 45.426042
64.839239 4.621742
66.291037 16.233416
72.556418 50.072123
90.981051 91.688577
23.355186 84.476401
84.197706 30.666240
22.516762 91.858631
23.732597 6.080578
6.690006 53.170552
25.234872 67.759088
71.497387 34.940263
59.693045 50.207913
34.862646 76.207440
4.528195 54.739441
75.809256 5.217859
3.252781 58.968159
9.670293 92.447660
43.903202 58.340909
34.966631 99.750471
4.833152 24.152837
14.651836 16.768085
57.958679 70.410474
34.988554 85.218149
64.174838 57.938571
19.012521 99.269887
43.417658 28.287451
58.356835 35.941591
52.724106 52.282778
67.150423 13.301244
59.646613 98.469832
54.771145 96.224310
55.507612 75.239531
60.425323 69.560369
13.233510 77.083566
91.841867 76.782939
57.886334 70.211209
62.810680 78.544491
84.515292 85.670485
29.861300 20.031289
27.579291 49.151568
87.069248 8.610400
58.945477 65.810426
89.793879 93.983796
67.347655 95.735848
43.093018 11.912205
51.192449 1.093227
8.625990 99.543978
