100
100
0.250000 1.000000
0.250000 1.000000
0.250000 1.000000
0.250000 1.000000
0.250000 1.000000
0.250000 1.000000
0.250000 1.000000
0.250000 1.000000
0.250000 1.000000
0.250000 1.000000
0.250000 1.000000
0.250000 1.000000
0.250000 1.000000
0.250000 1.000000
0.250000 1.000000
0.250000 1.000000
0.250000 1.000000
0.250000 1.000000
0.250000 1.000000
0.250000 1.000000
0.250000 1.000000
0.250000 1.000000
0.250000 1.000000
0.250000 1.000000
0.250000 1.000000
0.250000 1.000000
0.250000 1.000000
0.250000 1.000000
0.250000 1.000000
0.250000 1.000000
0.250000 1.000000
0.250000 1.000000
0.250000 1.000000
0.250000 1.000000
0.250000 1.000000
0.250000 1.000000
0.250000 1.000000
0.250000 1.000000
0.250000 1.000000
0.250000 1.000000
0.250000 1.000000
0.250000 1.000000
0.250000 1.000000
0.250000 1.000000
0.250000 1.000000
0.250000 1.000000
0.250000 1.000000
0.250000 1.000000
0.250000 1.000000
0.250000 1.000000
0.250000 1.000000
0.250000 1.000000
0.250000 1.000000
0.250000 1.000000
0.250000 1.000000
0.250000 1.000000
0.250000 1.000000
0.250000 1.000000
0.250000 1.000000
0.250000 1.000000
0.250000 1.000000
0.250000 1.000000
0.250000 1.000000
0.250000 1.000000
0.250000 1.000000
0.250000 1.000000
0.250000 1.000000
0.250000 1.000000
0.250000 1.000000
0.250000 1.000000
0.250000 1.000000
0.250000 1.000000
0.250000 1.000000
0.250000 1.000000
0.250000 1.000000
0.250000 1.000000
0.250000 1.000000
0.250000 1.000000
0.250000 1.000000
0.250000 1.000000
0.250000 1.000000
0.250000 1.000000
0.250000 1.000000
0.250000 1.000000
0.250000 1.000000
0.250000 1.000000
0.250000 1.000000
0.250000 1.000000
0.250000 1.000000
0.250000 1.000000
0.250000 1.000000
0.250000 1.000000
0.250000 1.000000
0.250000 1.000000
0.250000 1.000000
0.250000 1.000000
0.250000 1.000000
0.250000 1.000000
0.250000 1.000000
0.250000 1.000000
