0 37
1 71
2
3
4 32
5 79 91
6
7
8
9 96
10 39
11
12
13
14 42 85
15 29
16 54
17
18
19
20 49
21 40 90
22 36 43
23 51 65 67
24
25
26
27
28 86
29 15
30
31 47
32 4
33 49
34 41
35 44
36 44 22
37 0
38
39 10 93
40 21 90
41 34
42 14 60 85
43 22 61
44 35 36
45
46 66
47 89 31
48
49 20 33
50 56 88
51 23 65 67
52
53
54 87 16
55
56 50 88
57 71
58
59
60 42
61 43
62 80
63
64
65 23 51 67
66 46
67 23 51 65
68 82 92
69
70
71 1 57
72
73 94
74
75
76
77
78
79 5
80 62
81 84
82 68
83 90
84 81
85 14 42
86 28
87 54
88 56 50
89 47
90 21 40 83
91 5
92 68
93 39
94 73 95
95 94
96 9
97
98
99
