0
7.838092 55.802043
18.275301 62.802549
22.944139 42.100249
49.622722 83.016956
48.446549 9.782060
52.192674 44.106721
90.210939 71.597462
43.728352 51.918159
50.025336 6.909148
71.677475 92.619339
53.364730 72.999644
15.425877 4.003675
42.195569 47.767383
40.083806 34.678114
80.284139 95.343100
32.931441 90.138049
11.539272 68.130573
10.759127 13.266118
58.111147 58.873415
46.591731 23.452345
44.284412 94.572230
27.665361 43.318121
84.645229 20.424138
23.028665 74.936740
80.568285 56.429339
8.769816 48.478353
27.761164 21.907007
71.624162 55.367343
49.419933 13.885478
87.596480 95.325297
34.491176 94.179384
51.235634 12.082879
78.602136 86.938966
13.328357 66.079144
96.411979 13.554529
70.032813 94.126834
98.453689 95.021640
34.851440 35.807560
2.977401 33.220283
16.346540 64.270721
83.872513 42.033898
19.130965 45.145345
39.437173 36.831860
83.420139 61.434060
3.580293 6.561611
79.310579 84.543647
10.982540 86.544317
75.954007 42.016729
70.809210 22.040569
12.925001 31.064339
99.759293 62.750347
11.334052 53.659268
14.551424 56.634038
75.616872 3.735186
86.388855 17.789038
53.434568 19.946814
15.511934 27.589091
40.748352 28.481426
92.638061 90.891165
41.886225 39.572248
75.905420 9.837320
20.298122 28.649396
26.878237 56.626723
4.699757 28.474193
17.237718 23.605556
47.434437 82.137823
38.974207 4.120260
67.135989 58.465504
25.212527 10.802227
46.154781 11.152408
16.243866 69.299651
94.712835 70.867856
85.903989 34.944974
38.382846 95.599317
77.128927 67.443961
33.239875 68.668047
82.335763 64.395149
63.913381 26.133224
44.217473 98.295997
33.771146 15.711687
45.607229 23.664830
13.595579 37.875514
3.258963 21.005184
75.366776 96.449819
79.707410 22.561967
1.145612 90.818283
79.812244 21.166380
23.554078 14.754191
4.157292 97.939279
23.978939 87.929741
90.167313 17.220277
87.378731 35.316722
83.621120 27.812553
88.453013 46.976670
48.181324 78.480993
62.936673 96.148848
38.627319 2.613939
99.911025 67.079545
34.669568 52.056482
76.277337 45.696312
