1 1 0 0 0 0
101 3 1 1 1 0
201 2 2 2 2 1
301 4 4 4 4 2
401 1 1 1 1 1
501 2 3 3 3 3
601 4 3 3 3 4
701 5 5 4 2 2
801 4 3 3 4 4
901 4 5 4 4 5
1001 7 6 6 6 6
1101 7 7 7 7 7
1201 9 9 8 9 8
1301 10 10 11 10 10
1401 12 12 12 12 12
1501 13 16 15 16 13
1601 15 16 15 14 14
1701 16 16 16 16 16
1801 17 18 20 18 21
1901 20 20 22 18 18
2001 20 21 21 21 21
2101 23 24 23 23 23
2201 25 26 27 25 26
2301 27 27 28 31 27
2401 29 29 29 29 29
2501 32 32 32 31 32
2601 34 34 34 35 35
2701 36 37 37 36 37
2801 39 40 40 42 44
2901 44 45 44 44 44
3001 47 48 47 47 47
3101 51 50 50 50 50
3201 54 54 54 54 54
3301 58 58 57 58 56
3401 61 60 61 62 60
3501 69 64 65 63 62
3601 66 66 68 66 65
3701 70 70 70 70 76
3801 75 73 74 74 74
3901 77 80 78 78 78
4001 82 82 84 81 82
4101 85 87 87 89 86
4201 90 90 96 90 90
4301 93 94 94 95 98
4401 126 103 102 103 107
4501 108 106 107 107 104
4601 115 115 108 117 112
4701 113 113 115 120 113
4801 118 121 119 121 122
4901 123 126 125 124 123
