0 1 53 6 11 16 17 37 54 55 57 69 71 87 97
1 53 64 78 0 17 37 55 57 69 71
2 8 14 28 38 42 50 56 58 84 85 86 88 27 20 31 33 47 49 52 60 81 89 18 26
3 20 23 31 33 47 49 51 52 60 65 67 89
4 53 63 64 73 78 94 11 8 9 28 32 38 50 56 58 86 88 95 96
5 13 45 35 46 66 76 79 91
6 0 11 16 17 37 41 54 55 57 69 87 74 38 21 24 34 40 83 90 77
7 16 17 41 54 87 97 19 25 30 70 74 34 77
8 4 73 94 11 2 14 28 38 42 50 56 58 85 86 88 95 27 83 90 98 99 31 47 60
9 4 63 64 73 94 14 28 32 50 56 58 84 85 86 88 95 96
10 22 36 39 43 35 44 59 61 93
11 4 53 64 73 94 0 6 16 17 54 55 57 69 71 8 38 50 88 95 21 40 83 90
12 15 21 24 27 29 34 40 83 90 98 99 13 62 77 80 18 22 36 68 75 92 35 44 46 66 82
13 12 24 45 48 62 77 80 68 92 5 35 46 66 79 82 91
14 2 8 9 28 42 50 56 58 84 85 86 88 96 20 31 47 49 60 81 89
15 41 12 21 24 27 29 34 40 83 90 98 99 62 77 80 18 36 68 75 92 44 82
16 0 6 11 17 37 41 54 55 69 87 7 70 74 21 24 34 40 83 90 77 80
17 1 53 0 6 11 16 37 41 54 55 57 69 71 87 97 7 74 21 34
18 2 12 15 27 29 98 99 31 52 22 26 36 43 68 75 92 44 82
19 7 25
20 2 14 42 84 85 3 23 31 33 47 49 51 52 60 65 67 81 89 26
21 6 11 16 17 41 54 69 87 38 12 15 24 27 29 34 40 83 90 98 99 62 77 80
22 12 98 10 18 26 36 39 43 68 75 92 35 44 46 59 61 66 76 82 93
23 3 20 33 49 51 65 67 89
24 6 16 41 54 87 30 70 12 15 21 29 34 40 83 90 98 99 13 62 77 80 68
25 97 7 19 30 70 74
26 2 27 98 99 20 31 33 47 49 52 89 18 22 36 75 92
27 2 8 38 50 88 12 15 21 29 40 83 90 98 99 31 52 18 26 68 75 92 82
28 4 63 94 2 8 9 14 32 38 42 50 56 58 84 85 86 88 95 96 47 60 81 89
29 41 12 15 21 24 27 34 40 83 90 98 99 62 80 18 36 68 75 92 44 82
30 41 7 25 70 74 24 34 45 48 62 77 80
31 2 8 14 42 50 56 84 85 86 88 27 3 20 33 47 49 52 60 67 81 89 18 26
32 4 63 64 73 78 94 9 28 38 50 56 58 86 88 95 96
33 2 42 3 20 23 31 47 49 51 52 60 65 67 89 26
34 6 16 17 41 54 87 7 30 70 74 12 15 21 24 29 40 83 90 62 77 80
35 12 13 10 22 36 39 43 68 75 92 5 44 46 59 61 66 76 79 82 91 93
36 12 15 29 98 10 18 22 26 39 43 68 75 92 35 44 46 61 66 82 93
37 1 53 0 6 16 17 54 55 57 69 71 87 97
38 4 73 94 6 11 69 2 8 28 32 50 56 58 88 95 21 27 40 83 90 99
39 10 22 36 43 35 44 59 61 76 93
40 6 11 16 41 54 69 87 38 12 15 21 24 27 29 34 83 90 98 99 62 77 80
41 6 16 17 54 69 87 7 30 70 74 15 21 24 29 34 40 83 90 62 77 80
42 2 8 14 28 50 56 58 84 85 86 88 96 20 31 33 47 49 52 60 81 89
43 10 18 22 36 39 68 75 92 35 44 46 59 61 66 76 82 93
44 12 15 29 98 10 18 22 36 39 43 68 75 92 35 46 59 61 66 76 82 91 93
45 30 13 48 62 80 5 46 66 79 91
46 12 13 45 62 22 36 43 68 92 5 35 44 59 61 66 76 79 82 91 93
47 2 8 14 28 42 50 56 84 85 86 88 3 20 31 33 49 52 60 67 81 89 26
48 30 70 13 45 62 77 80
49 2 14 42 84 85 3 20 23 31 33 47 51 52 60 65 67 81 89 26
50 4 73 94 11 2 8 9 14 28 32 38 42 56 58 84 85 86 88 95 96 27 31 47 60 89
51 3 20 23 33 49 65 67 89
52 2 42 85 27 3 20 31 33 47 49 60 89 18 26
53 1 4 64 73 78 94 0 11 17 37 55 57 69 71 95
54 0 6 11 16 17 37 41 55 69 87 97 7 70 74 21 24 34 40 83 90 77
55 1 53 73 94 0 6 11 16 17 37 54 57 69 71 87
56 4 73 94 2 8 9 14 28 32 38 42 50 58 84 85 86 88 95 96 31 47 60 81 89
57 1 53 0 6 11 17 37 55 69 71 87
58 4 63 73 94 2 8 9 14 28 32 38 42 50 56 84 85 86 88 95 96 60 81
59 10 22 39 43 35 44 46 61 66 76 79 93
60 2 8 14 28 42 50 56 58 84 85 86 88 3 20 31 33 47 49 52 81 89
61 10 22 36 39 43 68 75 92 35 44 46 59 66 76 82 93
62 41 30 70 12 15 21 24 29 34 40 90 13 45 48 77 80 68 92 46 82
63 4 64 72 73 78 94 9 28 32 58 86 95 96
64 1 4 53 63 72 73 78 94 11 71 9 32 95 96
65 3 20 23 33 49 51 67 89
66 12 13 45 22 36 43 68 92 5 35 44 46 59 61 76 79 82 91 93
67 3 20 23 31 33 47 49 51 65 89
68 12 15 24 27 29 98 99 13 62 80 18 22 36 43 75 92 35 44 46 61 66 82
69 1 53 73 94 0 6 11 16 17 37 41 54 55 57 71 87 74 38 21 40 83 90
70 16 41 54 87 7 25 30 74 24 34 48 62 77 80
71 1 53 64 78 0 11 17 37 55 57 69
72 63 64 78
73 4 53 63 64 78 94 11 55 69 8 9 32 38 50 56 58 88 95 96
74 6 16 17 41 54 69 87 97 7 25 30 70 34 77
75 12 15 27 29 90 98 99 18 22 26 36 43 68 92 35 44 61 82
76 22 39 43 5 35 44 46 59 61 66 79 91 93
77 6 16 41 54 87 7 30 70 74 12 15 21 24 34 40 90 13 48 62 80
78 1 4 53 63 64 72 73 94 71 32
79 13 45 5 35 46 59 66 76 91
80 16 41 30 70 12 15 21 24 29 34 40 83 90 13 45 48 62 77 68 92 82
81 2 14 28 42 56 58 84 85 86 20 31 47 49 60 89
82 12 15 27 29 98 99 13 62 80 18 22 36 43 68 75 92 35 44 46 61 66 91
83 6 11 16 41 54 69 8 38 12 15 21 24 27 29 34 40 90 98 99 80
84 2 9 14 28 42 50 56 58 85 86 88 96 20 31 47 49 60 81 89
85 2 8 9 14 28 42 50 56 58 84 86 88 96 20 31 47 49 52 60 81 89
86 4 63 2 8 9 14 28 32 42 50 56 58 84 85 88 95 96 31 47 60 81 89
87 0 6 16 17 37 41 54 55 57 69 97 7 70 74 21 24 34 40 90 77
88 4 73 94 11 2 8 9 14 28 32 38 42 50 56 58 84 85 86 95 96 27 31 47 60 89
89 2 14 28 42 50 56 84 85 86 88 3 20 23 31 33 47 49 51 52 60 65 67 81 26
90 6 11 16 41 54 69 87 8 38 12 15 21 24 27 29 34 40 83 98 99 62 77 80 75
91 13 45 5 35 44 46 66 76 79 82
92 12 15 27 29 98 99 13 62 80 18 22 26 36 43 68 75 35 44 46 61 66 82
93 10 22 36 39 43 35 44 46 59 61 66 76
94 4 53 63 64 73 78 11 55 69 8 9 28 32 38 50 56 58 88 95 96
95 4 53 63 64 73 94 11 8 9 28 32 38 50 56 58 86 88 96
96 4 63 64 73 94 9 14 28 32 42 50 56 58 84 85 86 88 95
97 0 17 37 54 87 7 25 74
98 8 12 15 21 24 27 29 40 83 90 99 18 22 26 36 68 75 92 44 82
99 8 38 12 15 21 24 27 29 40 83 90 98 18 26 68 75 92 82
